YEAR,TIMESTAMP,RESOURCES,areaConsumption
2030,1,electricity,63853
2030,2,electricity,61087
2030,3,electricity,60174
2030,4,electricity,56536
2030,5,electricity,53176
2030,6,electricity,51805
2030,7,electricity,51538
2030,8,electricity,51480
2030,9,electricity,51335
2030,10,electricity,51388
2030,11,electricity,53413
2030,12,electricity,55548
2030,13,electricity,57939
2030,14,electricity,59467
2030,15,electricity,57025
2030,16,electricity,55007
2030,17,electricity,54597
2030,18,electricity,57156
2030,19,electricity,62586
2030,20,electricity,64889
2030,21,electricity,64697
2030,22,electricity,62723
2030,23,electricity,61460
2030,24,electricity,64314
2030,25,electricity,62653
2030,26,electricity,59186
2030,27,electricity,58771
2030,28,electricity,56155
2030,29,electricity,54911
2030,30,electricity,56360
2030,31,electricity,60380
2030,32,electricity,65553
2030,33,electricity,69919
2030,34,electricity,71999
2030,35,electricity,73497
2030,36,electricity,73981
2030,37,electricity,74765
2030,38,electricity,74316
2030,39,electricity,72578
2030,40,electricity,70055
2030,41,electricity,69030
2030,42,electricity,71298
2030,43,electricity,76614
2030,44,electricity,78366
2030,45,electricity,75168
2030,46,electricity,70876
2030,47,electricity,68464
2030,48,electricity,70737
2030,49,electricity,68791
2030,50,electricity,64707
2030,51,electricity,63738
2030,52,electricity,60850
2030,53,electricity,58914
2030,54,electricity,59964
2030,55,electricity,63904
2030,56,electricity,69136
2030,57,electricity,73234
2030,58,electricity,74615
2030,59,electricity,75778
2030,60,electricity,76210
2030,61,electricity,76734
2030,62,electricity,76138
2030,63,electricity,74544
2030,64,electricity,72144
2030,65,electricity,71033
2030,66,electricity,72746
2030,67,electricity,77030
2030,68,electricity,78406
2030,69,electricity,74605
2030,70,electricity,70115
2030,71,electricity,67444
2030,72,electricity,69354
2030,73,electricity,67666
2030,74,electricity,63435
2030,75,electricity,62264
2030,76,electricity,59302
2030,77,electricity,57427
2030,78,electricity,58415
2030,79,electricity,62134
2030,80,electricity,67192
2030,81,electricity,71562
2030,82,electricity,73079
2030,83,electricity,74472
2030,84,electricity,74930
2030,85,electricity,75633
2030,86,electricity,75181
2030,87,electricity,73442
2030,88,electricity,71035
2030,89,electricity,69675
2030,90,electricity,71128
2030,91,electricity,75239
2030,92,electricity,76043
2030,93,electricity,72490
2030,94,electricity,68369
2030,95,electricity,66059
2030,96,electricity,68379
2030,97,electricity,66650
2030,98,electricity,62202
2030,99,electricity,60809
2030,100,electricity,57500
2030,101,electricity,54992
2030,102,electricity,54493
2030,103,electricity,56018
2030,104,electricity,58241
2030,105,electricity,60724
2030,106,electricity,62935
2030,107,electricity,65286
2030,108,electricity,66412
2030,109,electricity,68078
2030,110,electricity,68772
2030,111,electricity,66435
2030,112,electricity,64225
2030,113,electricity,63075
2030,114,electricity,64665
2030,115,electricity,69348
2030,116,electricity,70920
2030,117,electricity,68385
2030,118,electricity,65024
2030,119,electricity,63423
2030,120,electricity,66720
2030,121,electricity,65429
2030,122,electricity,61379
2030,123,electricity,60096
2030,124,electricity,56750
2030,125,electricity,54265
2030,126,electricity,53503
2030,127,electricity,54070
2030,128,electricity,55246
2030,129,electricity,56722
2030,130,electricity,58767
2030,131,electricity,61739
2030,132,electricity,63967
2030,133,electricity,66431
2030,134,electricity,66996
2030,135,electricity,63706
2030,136,electricity,61022
2030,137,electricity,60014
2030,138,electricity,61936
2030,139,electricity,67223
2030,140,electricity,70136
2030,141,electricity,68884
2030,142,electricity,65912
2030,143,electricity,63918
2030,144,electricity,66395
2030,145,electricity,65016
2030,146,electricity,61398
2030,147,electricity,60846
2030,148,electricity,58125
2030,149,electricity,56503
2030,150,electricity,58250
2030,151,electricity,63772
2030,152,electricity,72051
2030,153,electricity,76514
2030,154,electricity,76840
2030,155,electricity,77312
2030,156,electricity,77810
2030,157,electricity,78375
2030,158,electricity,78216
2030,159,electricity,77251
2030,160,electricity,74941
2030,161,electricity,74025
2030,162,electricity,75999
2030,163,electricity,80781
2030,164,electricity,82595
2030,165,electricity,78322
2030,166,electricity,73343
2030,167,electricity,70399
2030,168,electricity,72270
2030,169,electricity,70537
2030,170,electricity,66455
2030,171,electricity,65700
2030,172,electricity,63019
2030,173,electricity,61570
2030,174,electricity,63064
2030,175,electricity,68369
2030,176,electricity,76740
2030,177,electricity,80776
2030,178,electricity,80879
2030,179,electricity,81169
2030,180,electricity,81674
2030,181,electricity,82097
2030,182,electricity,81647
2030,183,electricity,80457
2030,184,electricity,78095
2030,185,electricity,77390
2030,186,electricity,79130
2030,187,electricity,83833
2030,188,electricity,85305
2030,189,electricity,81005
2030,190,electricity,76217
2030,191,electricity,73024
2030,192,electricity,74893
2030,193,electricity,72654
2030,194,electricity,68823
2030,195,electricity,67988
2030,196,electricity,65110
2030,197,electricity,63638
2030,198,electricity,65063
2030,199,electricity,70049
2030,200,electricity,77464
2030,201,electricity,82026
2030,202,electricity,82962
2030,203,electricity,83096
2030,204,electricity,83360
2030,205,electricity,83875
2030,206,electricity,83231
2030,207,electricity,82307
2030,208,electricity,79990
2030,209,electricity,79155
2030,210,electricity,80536
2030,211,electricity,84558
2030,212,electricity,86028
2030,213,electricity,81827
2030,214,electricity,76915
2030,215,electricity,73673
2030,216,electricity,75427
2030,217,electricity,73435
2030,218,electricity,69398
2030,219,electricity,68358
2030,220,electricity,65589
2030,221,electricity,63656
2030,222,electricity,64774
2030,223,electricity,69751
2030,224,electricity,77695
2030,225,electricity,81747
2030,226,electricity,81493
2030,227,electricity,81431
2030,228,electricity,81594
2030,229,electricity,81607
2030,230,electricity,80861
2030,231,electricity,79584
2030,232,electricity,77384
2030,233,electricity,76240
2030,234,electricity,77439
2030,235,electricity,81718
2030,236,electricity,83588
2030,237,electricity,79362
2030,238,electricity,74457
2030,239,electricity,71505
2030,240,electricity,73431
2030,241,electricity,71488
2030,242,electricity,67428
2030,243,electricity,66685
2030,244,electricity,63840
2030,245,electricity,62320
2030,246,electricity,63715
2030,247,electricity,69036
2030,248,electricity,77009
2030,249,electricity,81406
2030,250,electricity,81079
2030,251,electricity,80562
2030,252,electricity,79819
2030,253,electricity,79071
2030,254,electricity,77984
2030,255,electricity,76138
2030,256,electricity,73608
2030,257,electricity,72442
2030,258,electricity,73784
2030,259,electricity,79568
2030,260,electricity,81138
2030,261,electricity,77761
2030,262,electricity,73844
2030,263,electricity,71867
2030,264,electricity,74546
2030,265,electricity,72685
2030,266,electricity,68370
2030,267,electricity,67172
2030,268,electricity,64095
2030,269,electricity,61793
2030,270,electricity,61887
2030,271,electricity,63551
2030,272,electricity,66126
2030,273,electricity,68867
2030,274,electricity,71447
2030,275,electricity,73477
2030,276,electricity,73344
2030,277,electricity,74055
2030,278,electricity,74029
2030,279,electricity,71154
2030,280,electricity,68674
2030,281,electricity,67370
2030,282,electricity,68632
2030,283,electricity,73855
2030,284,electricity,75894
2030,285,electricity,73556
2030,286,electricity,70322
2030,287,electricity,69003
2030,288,electricity,72032
2030,289,electricity,70963
2030,290,electricity,67308
2030,291,electricity,66094
2030,292,electricity,62678
2030,293,electricity,60120
2030,294,electricity,59370
2030,295,electricity,60033
2030,296,electricity,61141
2030,297,electricity,62978
2030,298,electricity,65458
2030,299,electricity,69010
2030,300,electricity,71317
2030,301,electricity,73304
2030,302,electricity,73493
2030,303,electricity,70239
2030,304,electricity,67511
2030,305,electricity,66375
2030,306,electricity,67813
2030,307,electricity,73500
2030,308,electricity,76695
2030,309,electricity,75895
2030,310,electricity,72823
2030,311,electricity,71200
2030,312,electricity,73870
2030,313,electricity,72586
2030,314,electricity,69380
2030,315,electricity,69124
2030,316,electricity,66702
2030,317,electricity,65220
2030,318,electricity,67295
2030,319,electricity,73017
2030,320,electricity,81132
2030,321,electricity,85602
2030,322,electricity,86056
2030,323,electricity,86289
2030,324,electricity,86628
2030,325,electricity,86799
2030,326,electricity,86344
2030,327,electricity,85706
2030,328,electricity,83736
2030,329,electricity,83192
2030,330,electricity,84688
2030,331,electricity,89552
2030,332,electricity,91627
2030,333,electricity,87435
2030,334,electricity,82619
2030,335,electricity,79647
2030,336,electricity,81442
2030,337,electricity,79413
2030,338,electricity,75381
2030,339,electricity,74904
2030,340,electricity,72019
2030,341,electricity,70373
2030,342,electricity,71752
2030,343,electricity,76810
2030,344,electricity,84193
2030,345,electricity,87955
2030,346,electricity,88092
2030,347,electricity,88580
2030,348,electricity,88833
2030,349,electricity,88714
2030,350,electricity,88007
2030,351,electricity,86677
2030,352,electricity,84376
2030,353,electricity,83348
2030,354,electricity,84364
2030,355,electricity,90017
2030,356,electricity,92053
2030,357,electricity,87883
2030,358,electricity,83089
2030,359,electricity,80073
2030,360,electricity,82059
2030,361,electricity,79826
2030,362,electricity,75996
2030,363,electricity,75722
2030,364,electricity,73057
2030,365,electricity,71579
2030,366,electricity,73105
2030,367,electricity,78216
2030,368,electricity,84234
2030,369,electricity,88078
2030,370,electricity,89280
2030,371,electricity,89850
2030,372,electricity,89762
2030,373,electricity,89542
2030,374,electricity,88322
2030,375,electricity,86898
2030,376,electricity,84669
2030,377,electricity,83999
2030,378,electricity,85344
2030,379,electricity,91602
2030,380,electricity,94166
2030,381,electricity,90038
2030,382,electricity,85618
2030,383,electricity,82796
2030,384,electricity,85027
2030,385,electricity,83648
2030,386,electricity,81227
2030,387,electricity,81831
2030,388,electricity,79143
2030,389,electricity,77366
2030,390,electricity,78712
2030,391,electricity,84032
2030,392,electricity,90751
2030,393,electricity,94419
2030,394,electricity,94499
2030,395,electricity,94629
2030,396,electricity,93853
2030,397,electricity,93102
2030,398,electricity,91832
2030,399,electricity,89964
2030,400,electricity,87408
2030,401,electricity,86769
2030,402,electricity,88353
2030,403,electricity,94676
2030,404,electricity,97320
2030,405,electricity,93298
2030,406,electricity,88669
2030,407,electricity,85928
2030,408,electricity,88033
2030,409,electricity,86266
2030,410,electricity,83632
2030,411,electricity,84133
2030,412,electricity,81220
2030,413,electricity,79404
2030,414,electricity,80356
2030,415,electricity,84998
2030,416,electricity,91924
2030,417,electricity,95623
2030,418,electricity,96228
2030,419,electricity,96718
2030,420,electricity,96914
2030,421,electricity,97040
2030,422,electricity,96155
2030,423,electricity,94166
2030,424,electricity,91505
2030,425,electricity,89948
2030,426,electricity,90628
2030,427,electricity,95122
2030,428,electricity,96015
2030,429,electricity,91478
2030,430,electricity,86527
2030,431,electricity,83895
2030,432,electricity,86083
2030,433,electricity,83895
2030,434,electricity,80009
2030,435,electricity,79334
2030,436,electricity,75716
2030,437,electricity,73151
2030,438,electricity,72516
2030,439,electricity,73729
2030,440,electricity,75836
2030,441,electricity,78745
2030,442,electricity,81622
2030,443,electricity,84157
2030,444,electricity,85005
2030,445,electricity,86510
2030,446,electricity,86610
2030,447,electricity,83926
2030,448,electricity,81412
2030,449,electricity,80171
2030,450,electricity,80808
2030,451,electricity,85126
2030,452,electricity,86593
2030,453,electricity,83402
2030,454,electricity,79613
2030,455,electricity,78143
2030,456,electricity,81201
2030,457,electricity,79993
2030,458,electricity,76533
2030,459,electricity,75284
2030,460,electricity,71917
2030,461,electricity,69184
2030,462,electricity,68398
2030,463,electricity,68940
2030,464,electricity,69940
2030,465,electricity,71608
2030,466,electricity,74261
2030,467,electricity,77491
2030,468,electricity,79735
2030,469,electricity,81587
2030,470,electricity,81519
2030,471,electricity,77985
2030,472,electricity,75131
2030,473,electricity,74121
2030,474,electricity,75035
2030,475,electricity,80789
2030,476,electricity,84344
2030,477,electricity,82957
2030,478,electricity,79786
2030,479,electricity,77595
2030,480,electricity,80255
2030,481,electricity,78670
2030,482,electricity,75342
2030,483,electricity,75033
2030,484,electricity,72274
2030,485,electricity,70437
2030,486,electricity,71885
2030,487,electricity,76933
2030,488,electricity,83298
2030,489,electricity,86835
2030,490,electricity,87552
2030,491,electricity,88137
2030,492,electricity,88250
2030,493,electricity,88370
2030,494,electricity,88026
2030,495,electricity,87058
2030,496,electricity,84744
2030,497,electricity,83652
2030,498,electricity,84369
2030,499,electricity,89449
2030,500,electricity,92021
2030,501,electricity,87584
2030,502,electricity,82601
2030,503,electricity,79554
2030,504,electricity,81329
2030,505,electricity,79712
2030,506,electricity,76696
2030,507,electricity,76641
2030,508,electricity,73679
2030,509,electricity,71899
2030,510,electricity,73151
2030,511,electricity,78219
2030,512,electricity,85709
2030,513,electricity,89061
2030,514,electricity,89406
2030,515,electricity,89238
2030,516,electricity,88823
2030,517,electricity,88692
2030,518,electricity,87725
2030,519,electricity,86319
2030,520,electricity,84147
2030,521,electricity,82932
2030,522,electricity,83802
2030,523,electricity,89160
2030,524,electricity,91568
2030,525,electricity,87303
2030,526,electricity,82162
2030,527,electricity,79322
2030,528,electricity,81225
2030,529,electricity,79487
2030,530,electricity,75888
2030,531,electricity,75560
2030,532,electricity,72752
2030,533,electricity,70941
2030,534,electricity,72215
2030,535,electricity,77110
2030,536,electricity,83264
2030,537,electricity,87045
2030,538,electricity,88164
2030,539,electricity,88659
2030,540,electricity,88974
2030,541,electricity,89084
2030,542,electricity,88299
2030,543,electricity,86880
2030,544,electricity,84557
2030,545,electricity,83350
2030,546,electricity,83688
2030,547,electricity,88621
2030,548,electricity,90931
2030,549,electricity,86514
2030,550,electricity,81627
2030,551,electricity,78665
2030,552,electricity,80701
2030,553,electricity,79066
2030,554,electricity,76192
2030,555,electricity,76210
2030,556,electricity,73487
2030,557,electricity,71450
2030,558,electricity,72747
2030,559,electricity,77787
2030,560,electricity,84306
2030,561,electricity,87449
2030,562,electricity,87406
2030,563,electricity,87675
2030,564,electricity,87959
2030,565,electricity,87922
2030,566,electricity,87203
2030,567,electricity,85928
2030,568,electricity,83706
2030,569,electricity,82926
2030,570,electricity,83931
2030,571,electricity,89421
2030,572,electricity,92314
2030,573,electricity,88194
2030,574,electricity,83649
2030,575,electricity,80792
2030,576,electricity,83170
2030,577,electricity,81664
2030,578,electricity,79390
2030,579,electricity,79842
2030,580,electricity,77094
2030,581,electricity,75293
2030,582,electricity,76694
2030,583,electricity,81668
2030,584,electricity,88550
2030,585,electricity,92180
2030,586,electricity,92277
2030,587,electricity,92337
2030,588,electricity,92031
2030,589,electricity,91649
2030,590,electricity,90701
2030,591,electricity,88495
2030,592,electricity,85760
2030,593,electricity,84487
2030,594,electricity,85017
2030,595,electricity,90601
2030,596,electricity,92800
2030,597,electricity,88990
2030,598,electricity,84885
2030,599,electricity,83007
2030,600,electricity,85393
2030,601,electricity,83411
2030,602,electricity,79759
2030,603,electricity,79230
2030,604,electricity,75834
2030,605,electricity,73102
2030,606,electricity,72653
2030,607,electricity,73812
2030,608,electricity,76273
2030,609,electricity,78694
2030,610,electricity,81488
2030,611,electricity,83132
2030,612,electricity,83018
2030,613,electricity,83175
2030,614,electricity,82381
2030,615,electricity,78968
2030,616,electricity,75814
2030,617,electricity,74029
2030,618,electricity,74239
2030,619,electricity,79889
2030,620,electricity,82781
2030,621,electricity,80395
2030,622,electricity,76765
2030,623,electricity,75360
2030,624,electricity,78821
2030,625,electricity,77594
2030,626,electricity,74268
2030,627,electricity,73026
2030,628,electricity,69667
2030,629,electricity,66779
2030,630,electricity,65737
2030,631,electricity,66010
2030,632,electricity,66856
2030,633,electricity,68057
2030,634,electricity,70504
2030,635,electricity,73349
2030,636,electricity,75067
2030,637,electricity,76203
2030,638,electricity,75775
2030,639,electricity,71785
2030,640,electricity,68525
2030,641,electricity,66925
2030,642,electricity,67407
2030,643,electricity,72979
2030,644,electricity,77079
2030,645,electricity,76062
2030,646,electricity,73169
2030,647,electricity,71224
2030,648,electricity,73633
2030,649,electricity,72595
2030,650,electricity,69522
2030,651,electricity,69137
2030,652,electricity,66749
2030,653,electricity,65137
2030,654,electricity,66731
2030,655,electricity,72241
2030,656,electricity,80236
2030,657,electricity,84158
2030,658,electricity,84171
2030,659,electricity,83383
2030,660,electricity,82386
2030,661,electricity,81741
2030,662,electricity,80760
2030,663,electricity,79453
2030,664,electricity,77014
2030,665,electricity,76148
2030,666,electricity,76616
2030,667,electricity,82050
2030,668,electricity,85688
2030,669,electricity,81633
2030,670,electricity,76659
2030,671,electricity,73465
2030,672,electricity,75387
2030,673,electricity,73772
2030,674,electricity,69770
2030,675,electricity,69132
2030,676,electricity,66274
2030,677,electricity,64173
2030,678,electricity,65411
2030,679,electricity,70535
2030,680,electricity,78521
2030,681,electricity,81773
2030,682,electricity,81690
2030,683,electricity,81532
2030,684,electricity,81467
2030,685,electricity,81553
2030,686,electricity,80758
2030,687,electricity,79604
2030,688,electricity,77129
2030,689,electricity,75444
2030,690,electricity,75495
2030,691,electricity,79770
2030,692,electricity,82384
2030,693,electricity,78096
2030,694,electricity,73200
2030,695,electricity,70045
2030,696,electricity,71914
2030,697,electricity,69675
2030,698,electricity,65712
2030,699,electricity,64712
2030,700,electricity,61821
2030,701,electricity,60066
2030,702,electricity,61188
2030,703,electricity,65921
2030,704,electricity,73033
2030,705,electricity,76436
2030,706,electricity,77185
2030,707,electricity,77089
2030,708,electricity,76772
2030,709,electricity,76390
2030,710,electricity,75092
2030,711,electricity,73400
2030,712,electricity,70870
2030,713,electricity,69252
2030,714,electricity,69044
2030,715,electricity,74274
2030,716,electricity,78535
2030,717,electricity,74846
2030,718,electricity,70146
2030,719,electricity,67418
2030,720,electricity,69580
2030,721,electricity,68458
2030,722,electricity,64856
2030,723,electricity,64273
2030,724,electricity,61759
2030,725,electricity,60229
2030,726,electricity,61505
2030,727,electricity,66360
2030,728,electricity,74280
2030,729,electricity,77652
2030,730,electricity,77378
2030,731,electricity,76857
2030,732,electricity,76441
2030,733,electricity,76046
2030,734,electricity,75020
2030,735,electricity,73667
2030,736,electricity,71295
2030,737,electricity,69942
2030,738,electricity,70111
2030,739,electricity,75025
2030,740,electricity,78517
2030,741,electricity,74669
2030,742,electricity,70010
2030,743,electricity,67060
2030,744,electricity,68997
2030,745,electricity,67380
2030,746,electricity,63394
2030,747,electricity,62571
2030,748,electricity,59797
2030,749,electricity,58009
2030,750,electricity,59247
2030,751,electricity,64057
2030,752,electricity,71488
2030,753,electricity,75186
2030,754,electricity,75416
2030,755,electricity,75493
2030,756,electricity,75667
2030,757,electricity,76135
2030,758,electricity,75433
2030,759,electricity,73754
2030,760,electricity,71748
2030,761,electricity,70316
2030,762,electricity,70438
2030,763,electricity,74600
2030,764,electricity,76789
2030,765,electricity,73250
2030,766,electricity,69064
2030,767,electricity,66948
2030,768,electricity,69534
2030,769,electricity,67991
2030,770,electricity,63737
2030,771,electricity,62556
2030,772,electricity,59630
2030,773,electricity,57665
2030,774,electricity,57631
2030,775,electricity,59387
2030,776,electricity,62139
2030,777,electricity,64968
2030,778,electricity,68031
2030,779,electricity,70079
2030,780,electricity,70812
2030,781,electricity,72143
2030,782,electricity,72300
2030,783,electricity,69748
2030,784,electricity,67382
2030,785,electricity,66572
2030,786,electricity,67324
2030,787,electricity,72904
2030,788,electricity,76930
2030,789,electricity,74815
2030,790,electricity,71706
2030,791,electricity,70592
2030,792,electricity,74331
2030,793,electricity,73608
2030,794,electricity,70019
2030,795,electricity,69166
2030,796,electricity,65949
2030,797,electricity,63357
2030,798,electricity,62835
2030,799,electricity,63502
2030,800,electricity,64691
2030,801,electricity,66098
2030,802,electricity,68643
2030,803,electricity,70985
2030,804,electricity,72065
2030,805,electricity,72900
2030,806,electricity,72593
2030,807,electricity,69102
2030,808,electricity,66581
2030,809,electricity,65605
2030,810,electricity,66364
2030,811,electricity,72092
2030,812,electricity,76849
2030,813,electricity,75697
2030,814,electricity,72495
2030,815,electricity,70389
2030,816,electricity,72601
2030,817,electricity,71284
2030,818,electricity,67898
2030,819,electricity,67156
2030,820,electricity,64212
2030,821,electricity,62330
2030,822,electricity,63678
2030,823,electricity,69154
2030,824,electricity,76737
2030,825,electricity,79879
2030,826,electricity,80275
2030,827,electricity,80471
2030,828,electricity,80369
2030,829,electricity,80257
2030,830,electricity,79500
2030,831,electricity,78342
2030,832,electricity,75624
2030,833,electricity,74202
2030,834,electricity,74019
2030,835,electricity,78181
2030,836,electricity,82452
2030,837,electricity,78399
2030,838,electricity,73289
2030,839,electricity,70298
2030,840,electricity,72491
2030,841,electricity,70804
2030,842,electricity,66930
2030,843,electricity,66053
2030,844,electricity,63463
2030,845,electricity,61870
2030,846,electricity,63484
2030,847,electricity,68584
2030,848,electricity,76798
2030,849,electricity,80093
2030,850,electricity,80322
2030,851,electricity,80563
2030,852,electricity,80898
2030,853,electricity,81111
2030,854,electricity,80871
2030,855,electricity,79766
2030,856,electricity,78058
2030,857,electricity,77017
2030,858,electricity,77518
2030,859,electricity,82219
2030,860,electricity,86583
2030,861,electricity,82757
2030,862,electricity,78045
2030,863,electricity,75240
2030,864,electricity,77326
2030,865,electricity,75498
2030,866,electricity,71679
2030,867,electricity,70972
2030,868,electricity,68369
2030,869,electricity,66806
2030,870,electricity,68137
2030,871,electricity,73004
2030,872,electricity,80159
2030,873,electricity,83551
2030,874,electricity,84696
2030,875,electricity,85050
2030,876,electricity,85073
2030,877,electricity,85215
2030,878,electricity,84148
2030,879,electricity,82807
2030,880,electricity,80430
2030,881,electricity,79335
2030,882,electricity,79566
2030,883,electricity,84058
2030,884,electricity,89081
2030,885,electricity,84904
2030,886,electricity,80191
2030,887,electricity,77444
2030,888,electricity,79507
2030,889,electricity,77970
2030,890,electricity,74436
2030,891,electricity,73932
2030,892,electricity,71307
2030,893,electricity,69733
2030,894,electricity,71110
2030,895,electricity,76295
2030,896,electricity,84429
2030,897,electricity,87415
2030,898,electricity,87513
2030,899,electricity,87146
2030,900,electricity,86689
2030,901,electricity,86351
2030,902,electricity,85554
2030,903,electricity,84287
2030,904,electricity,81942
2030,905,electricity,80768
2030,906,electricity,81101
2030,907,electricity,85897
2030,908,electricity,90780
2030,909,electricity,86606
2030,910,electricity,81675
2030,911,electricity,78474
2030,912,electricity,80433
2030,913,electricity,78863
2030,914,electricity,75153
2030,915,electricity,74360
2030,916,electricity,71702
2030,917,electricity,69873
2030,918,electricity,71419
2030,919,electricity,76246
2030,920,electricity,83093
2030,921,electricity,85550
2030,922,electricity,85690
2030,923,electricity,85263
2030,924,electricity,84568
2030,925,electricity,84037
2030,926,electricity,83022
2030,927,electricity,80785
2030,928,electricity,78450
2030,929,electricity,77081
2030,930,electricity,77337
2030,931,electricity,82035
2030,932,electricity,86758
2030,933,electricity,83317
2030,934,electricity,79445
2030,935,electricity,77578
2030,936,electricity,80153
2030,937,electricity,78405
2030,938,electricity,74941
2030,939,electricity,74669
2030,940,electricity,71343
2030,941,electricity,69072
2030,942,electricity,68866
2030,943,electricity,70484
2030,944,electricity,72884
2030,945,electricity,75184
2030,946,electricity,78264
2030,947,electricity,79887
2030,948,electricity,79898
2030,949,electricity,80772
2030,950,electricity,80535
2030,951,electricity,77677
2030,952,electricity,74635
2030,953,electricity,73203
2030,954,electricity,73404
2030,955,electricity,78140
2030,956,electricity,82592
2030,957,electricity,80116
2030,958,electricity,76507
2030,959,electricity,75054
2030,960,electricity,78552
2030,961,electricity,77671
2030,962,electricity,73864
2030,963,electricity,73009
2030,964,electricity,69804
2030,965,electricity,67252
2030,966,electricity,66317
2030,967,electricity,66762
2030,968,electricity,67640
2030,969,electricity,68515
2030,970,electricity,71718
2030,971,electricity,74540
2030,972,electricity,76139
2030,973,electricity,77643
2030,974,electricity,77396
2030,975,electricity,73943
2030,976,electricity,71491
2030,977,electricity,70662
2030,978,electricity,71616
2030,979,electricity,76495
2030,980,electricity,81461
2030,981,electricity,80047
2030,982,electricity,76946
2030,983,electricity,74504
2030,984,electricity,76651
2030,985,electricity,75406
2030,986,electricity,72032
2030,987,electricity,71529
2030,988,electricity,68886
2030,989,electricity,66947
2030,990,electricity,68625
2030,991,electricity,74107
2030,992,electricity,80564
2030,993,electricity,83203
2030,994,electricity,84090
2030,995,electricity,84602
2030,996,electricity,84841
2030,997,electricity,84648
2030,998,electricity,83725
2030,999,electricity,82468
2030,1000,electricity,79897
2030,1001,electricity,78419
2030,1002,electricity,78453
2030,1003,electricity,82455
2030,1004,electricity,87716
2030,1005,electricity,83815
2030,1006,electricity,78994
2030,1007,electricity,76161
2030,1008,electricity,78421
2030,1009,electricity,76981
2030,1010,electricity,74295
2030,1011,electricity,74489
2030,1012,electricity,71785
2030,1013,electricity,70110
2030,1014,electricity,71398
2030,1015,electricity,76524
2030,1016,electricity,83254
2030,1017,electricity,85654
2030,1018,electricity,86724
2030,1019,electricity,87006
2030,1020,electricity,87113
2030,1021,electricity,87139
2030,1022,electricity,86596
2030,1023,electricity,85357
2030,1024,electricity,83090
2030,1025,electricity,82281
2030,1026,electricity,82504
2030,1027,electricity,86031
2030,1028,electricity,90284
2030,1029,electricity,86108
2030,1030,electricity,81106
2030,1031,electricity,78290
2030,1032,electricity,80444
2030,1033,electricity,78474
2030,1034,electricity,75437
2030,1035,electricity,75561
2030,1036,electricity,72858
2030,1037,electricity,71183
2030,1038,electricity,72530
2030,1039,electricity,77522
2030,1040,electricity,83356
2030,1041,electricity,85751
2030,1042,electricity,87377
2030,1043,electricity,87605
2030,1044,electricity,87403
2030,1045,electricity,87277
2030,1046,electricity,86121
2030,1047,electricity,84584
2030,1048,electricity,81626
2030,1049,electricity,80320
2030,1050,electricity,80319
2030,1051,electricity,84827
2030,1052,electricity,90585
2030,1053,electricity,87020
2030,1054,electricity,82176
2030,1055,electricity,79239
2030,1056,electricity,81333
2030,1057,electricity,79900
2030,1058,electricity,77496
2030,1059,electricity,77824
2030,1060,electricity,75099
2030,1061,electricity,72954
2030,1062,electricity,74028
2030,1063,electricity,78822
2030,1064,electricity,84987
2030,1065,electricity,86838
2030,1066,electricity,87333
2030,1067,electricity,87558
2030,1068,electricity,87042
2030,1069,electricity,86934
2030,1070,electricity,85904
2030,1071,electricity,84182
2030,1072,electricity,81434
2030,1073,electricity,79699
2030,1074,electricity,78945
2030,1075,electricity,82212
2030,1076,electricity,87491
2030,1077,electricity,83487
2030,1078,electricity,78586
2030,1079,electricity,75864
2030,1080,electricity,78036
2030,1081,electricity,76066
2030,1082,electricity,73080
2030,1083,electricity,73099
2030,1084,electricity,70073
2030,1085,electricity,67972
2030,1086,electricity,69096
2030,1087,electricity,74184
2030,1088,electricity,81266
2030,1089,electricity,83345
2030,1090,electricity,83630
2030,1091,electricity,82695
2030,1092,electricity,81567
2030,1093,electricity,80489
2030,1094,electricity,79201
2030,1095,electricity,76849
2030,1096,electricity,73965
2030,1097,electricity,72371
2030,1098,electricity,71978
2030,1099,electricity,75889
2030,1100,electricity,81768
2030,1101,electricity,78742
2030,1102,electricity,74711
2030,1103,electricity,72703
2030,1104,electricity,75730
2030,1105,electricity,74198
2030,1106,electricity,70564
2030,1107,electricity,70048
2030,1108,electricity,67039
2030,1109,electricity,65036
2030,1110,electricity,65106
2030,1111,electricity,66736
2030,1112,electricity,69436
2030,1113,electricity,71474
2030,1114,electricity,74384
2030,1115,electricity,75146
2030,1116,electricity,74059
2030,1117,electricity,73744
2030,1118,electricity,72587
2030,1119,electricity,69000
2030,1120,electricity,65836
2030,1121,electricity,63942
2030,1122,electricity,63863
2030,1123,electricity,68237
2030,1124,electricity,75017
2030,1125,electricity,73373
2030,1126,electricity,70464
2030,1127,electricity,69610
2030,1128,electricity,73402
2030,1129,electricity,72745
2030,1130,electricity,69435
2030,1131,electricity,68832
2030,1132,electricity,65747
2030,1133,electricity,63431
2030,1134,electricity,62756
2030,1135,electricity,63491
2030,1136,electricity,64762
2030,1137,electricity,65678
2030,1138,electricity,68649
2030,1139,electricity,70495
2030,1140,electricity,70954
2030,1141,electricity,71289
2030,1142,electricity,70015
2030,1143,electricity,65758
2030,1144,electricity,62194
2030,1145,electricity,60524
2030,1146,electricity,60939
2030,1147,electricity,65995
2030,1148,electricity,74205
2030,1149,electricity,74255
2030,1150,electricity,71966
2030,1151,electricity,70399
2030,1152,electricity,73307
2030,1153,electricity,72413
2030,1154,electricity,69390
2030,1155,electricity,69297
2030,1156,electricity,67065
2030,1157,electricity,65675
2030,1158,electricity,67562
2030,1159,electricity,73211
2030,1160,electricity,79310
2030,1161,electricity,81748
2030,1162,electricity,82643
2030,1163,electricity,81814
2030,1164,electricity,80657
2030,1165,electricity,79648
2030,1166,electricity,78151
2030,1167,electricity,75826
2030,1168,electricity,72727
2030,1169,electricity,70903
2030,1170,electricity,70464
2030,1171,electricity,74469
2030,1172,electricity,82230
2030,1173,electricity,79669
2030,1174,electricity,75391
2030,1175,electricity,73174
2030,1176,electricity,75882
2030,1177,electricity,74685
2030,1178,electricity,72389
2030,1179,electricity,72960
2030,1180,electricity,70420
2030,1181,electricity,68979
2030,1182,electricity,70598
2030,1183,electricity,75994
2030,1184,electricity,83478
2030,1185,electricity,86090
2030,1186,electricity,86534
2030,1187,electricity,85190
2030,1188,electricity,83289
2030,1189,electricity,81635
2030,1190,electricity,79487
2030,1191,electricity,76986
2030,1192,electricity,73648
2030,1193,electricity,71684
2030,1194,electricity,71277
2030,1195,electricity,74926
2030,1196,electricity,83001
2030,1197,electricity,80395
2030,1198,electricity,76025
2030,1199,electricity,73633
2030,1200,electricity,76264
2030,1201,electricity,74932
2030,1202,electricity,71536
2030,1203,electricity,71135
2030,1204,electricity,68818
2030,1205,electricity,67511
2030,1206,electricity,69087
2030,1207,electricity,74330
2030,1208,electricity,81269
2030,1209,electricity,84123
2030,1210,electricity,85294
2030,1211,electricity,84430
2030,1212,electricity,82871
2030,1213,electricity,81566
2030,1214,electricity,79740
2030,1215,electricity,77696
2030,1216,electricity,74580
2030,1217,electricity,72872
2030,1218,electricity,72580
2030,1219,electricity,76542
2030,1220,electricity,84436
2030,1221,electricity,81852
2030,1222,electricity,77572
2030,1223,electricity,75340
2030,1224,electricity,77813
2030,1225,electricity,76856
2030,1226,electricity,73636
2030,1227,electricity,73486
2030,1228,electricity,71199
2030,1229,electricity,69955
2030,1230,electricity,71596
2030,1231,electricity,76990
2030,1232,electricity,84513
2030,1233,electricity,87133
2030,1234,electricity,87831
2030,1235,electricity,86946
2030,1236,electricity,86064
2030,1237,electricity,85317
2030,1238,electricity,84263
2030,1239,electricity,82792
2030,1240,electricity,80656
2030,1241,electricity,79682
2030,1242,electricity,80240
2030,1243,electricity,83997
2030,1244,electricity,90827
2030,1245,electricity,87644
2030,1246,electricity,83198
2030,1247,electricity,80487
2030,1248,electricity,82837
2030,1249,electricity,81537
2030,1250,electricity,78002
2030,1251,electricity,77774
2030,1252,electricity,75430
2030,1253,electricity,73850
2030,1254,electricity,75590
2030,1255,electricity,80386
2030,1256,electricity,85878
2030,1257,electricity,87846
2030,1258,electricity,89049
2030,1259,electricity,88956
2030,1260,electricity,88383
2030,1261,electricity,87958
2030,1262,electricity,86957
2030,1263,electricity,85160
2030,1264,electricity,82816
2030,1265,electricity,81726
2030,1266,electricity,81960
2030,1267,electricity,85315
2030,1268,electricity,90857
2030,1269,electricity,87756
2030,1270,electricity,84049
2030,1271,electricity,81880
2030,1272,electricity,84503
2030,1273,electricity,82852
2030,1274,electricity,80010
2030,1275,electricity,79943
2030,1276,electricity,76908
2030,1277,electricity,74390
2030,1278,electricity,74176
2030,1279,electricity,75746
2030,1280,electricity,78234
2030,1281,electricity,80375
2030,1282,electricity,84212
2030,1283,electricity,86041
2030,1284,electricity,86442
2030,1285,electricity,87757
2030,1286,electricity,87938
2030,1287,electricity,85471
2030,1288,electricity,83045
2030,1289,electricity,81841
2030,1290,electricity,81944
2030,1291,electricity,84934
2030,1292,electricity,90027
2030,1293,electricity,87987
2030,1294,electricity,83885
2030,1295,electricity,82401
2030,1296,electricity,85577
2030,1297,electricity,84246
2030,1298,electricity,80855
2030,1299,electricity,79910
2030,1300,electricity,76602
2030,1301,electricity,73952
2030,1302,electricity,73063
2030,1303,electricity,73503
2030,1304,electricity,74313
2030,1305,electricity,75094
2030,1306,electricity,78624
2030,1307,electricity,81261
2030,1308,electricity,82462
2030,1309,electricity,83877
2030,1310,electricity,83410
2030,1311,electricity,80198
2030,1312,electricity,77475
2030,1313,electricity,76268
2030,1314,electricity,76397
2030,1315,electricity,79888
2030,1316,electricity,86836
2030,1317,electricity,85907
2030,1318,electricity,82795
2030,1319,electricity,80961
2030,1320,electricity,83282
2030,1321,electricity,81718
2030,1322,electricity,78452
2030,1323,electricity,78101
2030,1324,electricity,75542
2030,1325,electricity,73880
2030,1326,electricity,75344
2030,1327,electricity,79962
2030,1328,electricity,84420
2030,1329,electricity,86775
2030,1330,electricity,89205
2030,1331,electricity,90410
2030,1332,electricity,90892
2030,1333,electricity,91191
2030,1334,electricity,90746
2030,1335,electricity,89497
2030,1336,electricity,86801
2030,1337,electricity,85496
2030,1338,electricity,85000
2030,1339,electricity,87027
2030,1340,electricity,92810
2030,1341,electricity,89507
2030,1342,electricity,84655
2030,1343,electricity,81867
2030,1344,electricity,84195
2030,1345,electricity,82532
2030,1346,electricity,79896
2030,1347,electricity,80374
2030,1348,electricity,77510
2030,1349,electricity,75550
2030,1350,electricity,76614
2030,1351,electricity,81120
2030,1352,electricity,85739
2030,1353,electricity,87960
2030,1354,electricity,89776
2030,1355,electricity,90153
2030,1356,electricity,89876
2030,1357,electricity,89379
2030,1358,electricity,88171
2030,1359,electricity,86204
2030,1360,electricity,83351
2030,1361,electricity,81983
2030,1362,electricity,81573
2030,1363,electricity,84200
2030,1364,electricity,90638
2030,1365,electricity,87825
2030,1366,electricity,83183
2030,1367,electricity,80596
2030,1368,electricity,82749
2030,1369,electricity,81090
2030,1370,electricity,78410
2030,1371,electricity,79043
2030,1372,electricity,75872
2030,1373,electricity,73941
2030,1374,electricity,74926
2030,1375,electricity,79392
2030,1376,electricity,83477
2030,1377,electricity,85679
2030,1378,electricity,88015
2030,1379,electricity,88431
2030,1380,electricity,88571
2030,1381,electricity,88457
2030,1382,electricity,87392
2030,1383,electricity,85939
2030,1384,electricity,83064
2030,1385,electricity,81482
2030,1386,electricity,81001
2030,1387,electricity,83384
2030,1388,electricity,89245
2030,1389,electricity,86015
2030,1390,electricity,81470
2030,1391,electricity,79000
2030,1392,electricity,81102
2030,1393,electricity,79740
2030,1394,electricity,77103
2030,1395,electricity,77642
2030,1396,electricity,74506
2030,1397,electricity,72490
2030,1398,electricity,73689
2030,1399,electricity,78344
2030,1400,electricity,82829
2030,1401,electricity,85041
2030,1402,electricity,86607
2030,1403,electricity,86829
2030,1404,electricity,86549
2030,1405,electricity,86220
2030,1406,electricity,85259
2030,1407,electricity,83649
2030,1408,electricity,80796
2030,1409,electricity,78994
2030,1410,electricity,78552
2030,1411,electricity,80889
2030,1412,electricity,87165
2030,1413,electricity,84429
2030,1414,electricity,79818
2030,1415,electricity,77397
2030,1416,electricity,79599
2030,1417,electricity,78055
2030,1418,electricity,75419
2030,1419,electricity,75877
2030,1420,electricity,72950
2030,1421,electricity,70944
2030,1422,electricity,72111
2030,1423,electricity,76401
2030,1424,electricity,81845
2030,1425,electricity,84768
2030,1426,electricity,87068
2030,1427,electricity,87684
2030,1428,electricity,87480
2030,1429,electricity,87285
2030,1430,electricity,86399
2030,1431,electricity,84563
2030,1432,electricity,81504
2030,1433,electricity,79620
2030,1434,electricity,78830
2030,1435,electricity,81290
2030,1436,electricity,86545
2030,1437,electricity,83657
2030,1438,electricity,79279
2030,1439,electricity,77049
2030,1440,electricity,79538
2030,1441,electricity,77638
2030,1442,electricity,73857
2030,1443,electricity,73099
2030,1444,electricity,69770
2030,1445,electricity,67381
2030,1446,electricity,67089
2030,1447,electricity,68580
2030,1448,electricity,70502
2030,1449,electricity,72316
2030,1450,electricity,75730
2030,1451,electricity,77552
2030,1452,electricity,77809
2030,1453,electricity,78719
2030,1454,electricity,78409
2030,1455,electricity,75334
2030,1456,electricity,72228
2030,1457,electricity,70210
2030,1458,electricity,69865
2030,1459,electricity,72984
2030,1460,electricity,79647
2030,1461,electricity,78348
2030,1462,electricity,74896
2030,1463,electricity,73563
2030,1464,electricity,77072
2030,1465,electricity,76247
2030,1466,electricity,72756
2030,1467,electricity,71969
2030,1468,electricity,68675
2030,1469,electricity,66075
2030,1470,electricity,65427
2030,1471,electricity,66157
2030,1472,electricity,66810
2030,1473,electricity,67779
2030,1474,electricity,70351
2030,1475,electricity,71795
2030,1476,electricity,71781
2030,1477,electricity,71464
2030,1478,electricity,69888
2030,1479,electricity,65164
2030,1480,electricity,61400
2030,1481,electricity,59100
2030,1482,electricity,59091
2030,1483,electricity,62914
2030,1484,electricity,72263
2030,1485,electricity,73803
2030,1486,electricity,71681
2030,1487,electricity,70465
2030,1488,electricity,73418
2030,1489,electricity,72609
2030,1490,electricity,69736
2030,1491,electricity,69729
2030,1492,electricity,67352
2030,1493,electricity,65808
2030,1494,electricity,67797
2030,1495,electricity,73347
2030,1496,electricity,79536
2030,1497,electricity,82093
2030,1498,electricity,82703
2030,1499,electricity,81260
2030,1500,electricity,79299
2030,1501,electricity,77690
2030,1502,electricity,75915
2030,1503,electricity,73315
2030,1504,electricity,69810
2030,1505,electricity,67511
2030,1506,electricity,66450
2030,1507,electricity,69040
2030,1508,electricity,77504
2030,1509,electricity,76027
2030,1510,electricity,71635
2030,1511,electricity,69075
2030,1512,electricity,71444
2030,1513,electricity,70059
2030,1514,electricity,66398
2030,1515,electricity,65745
2030,1516,electricity,63335
2030,1517,electricity,61549
2030,1518,electricity,62845
2030,1519,electricity,67564
2030,1520,electricity,73523
2030,1521,electricity,75944
2030,1522,electricity,77352
2030,1523,electricity,77033
2030,1524,electricity,76538
2030,1525,electricity,75935
2030,1526,electricity,74807
2030,1527,electricity,73130
2030,1528,electricity,70384
2030,1529,electricity,68493
2030,1530,electricity,67741
2030,1531,electricity,69940
2030,1532,electricity,76139
2030,1533,electricity,73634
2030,1534,electricity,69028
2030,1535,electricity,66312
2030,1536,electricity,68454
2030,1537,electricity,66750
2030,1538,electricity,63006
2030,1539,electricity,62128
2030,1540,electricity,59235
2030,1541,electricity,57397
2030,1542,electricity,58460
2030,1543,electricity,63076
2030,1544,electricity,68512
2030,1545,electricity,71365
2030,1546,electricity,73774
2030,1547,electricity,74456
2030,1548,electricity,74263
2030,1549,electricity,74226
2030,1550,electricity,73304
2030,1551,electricity,71976
2030,1552,electricity,69449
2030,1553,electricity,67741
2030,1554,electricity,67109
2030,1555,electricity,69233
2030,1556,electricity,75165
2030,1557,electricity,72536
2030,1558,electricity,67721
2030,1559,electricity,65021
2030,1560,electricity,67180
2030,1561,electricity,65862
2030,1562,electricity,61829
2030,1563,electricity,60814
2030,1564,electricity,58039
2030,1565,electricity,56221
2030,1566,electricity,57286
2030,1567,electricity,61842
2030,1568,electricity,67464
2030,1569,electricity,70012
2030,1570,electricity,71792
2030,1571,electricity,72006
2030,1572,electricity,71636
2030,1573,electricity,71205
2030,1574,electricity,69843
2030,1575,electricity,68442
2030,1576,electricity,66109
2030,1577,electricity,64706
2030,1578,electricity,63686
2030,1579,electricity,65680
2030,1580,electricity,72034
2030,1581,electricity,69927
2030,1582,electricity,65233
2030,1583,electricity,62626
2030,1584,electricity,65013
2030,1585,electricity,63598
2030,1586,electricity,59764
2030,1587,electricity,58754
2030,1588,electricity,55856
2030,1589,electricity,54055
2030,1590,electricity,55090
2030,1591,electricity,59595
2030,1592,electricity,65043
2030,1593,electricity,67763
2030,1594,electricity,69791
2030,1595,electricity,70303
2030,1596,electricity,70097
2030,1597,electricity,70162
2030,1598,electricity,69513
2030,1599,electricity,67844
2030,1600,electricity,65233
2030,1601,electricity,63240
2030,1602,electricity,62221
2030,1603,electricity,63930
2030,1604,electricity,69432
2030,1605,electricity,67811
2030,1606,electricity,63786
2030,1607,electricity,61801
2030,1608,electricity,64773
2030,1609,electricity,62975
2030,1610,electricity,59045
2030,1611,electricity,57911
2030,1612,electricity,54598
2030,1613,electricity,52364
2030,1614,electricity,52329
2030,1615,electricity,53972
2030,1616,electricity,55376
2030,1617,electricity,57369
2030,1618,electricity,60429
2030,1619,electricity,61455
2030,1620,electricity,61170
2030,1621,electricity,61605
2030,1622,electricity,61096
2030,1623,electricity,57842
2030,1624,electricity,55111
2030,1625,electricity,53111
2030,1626,electricity,52574
2030,1627,electricity,54802
2030,1628,electricity,61377
2030,1629,electricity,61551
2030,1630,electricity,58676
2030,1631,electricity,57758
2030,1632,electricity,61412
2030,1633,electricity,60805
2030,1634,electricity,57378
2030,1635,electricity,56506
2030,1636,electricity,53448
2030,1637,electricity,51192
2030,1638,electricity,50777
2030,1639,electricity,51478
2030,1640,electricity,51602
2030,1641,electricity,52666
2030,1642,electricity,55589
2030,1643,electricity,57446
2030,1644,electricity,58515
2030,1645,electricity,59829
2030,1646,electricity,59664
2030,1647,electricity,56349
2030,1648,electricity,53778
2030,1649,electricity,52619
2030,1650,electricity,53135
2030,1651,electricity,56507
2030,1652,electricity,63962
2030,1653,electricity,64829
2030,1654,electricity,62330
2030,1655,electricity,60835
2030,1656,electricity,63568
2030,1657,electricity,62576
2030,1658,electricity,59425
2030,1659,electricity,59001
2030,1660,electricity,56545
2030,1661,electricity,55167
2030,1662,electricity,57213
2030,1663,electricity,62921
2030,1664,electricity,69697
2030,1665,electricity,72576
2030,1666,electricity,74897
2030,1667,electricity,75494
2030,1668,electricity,75770
2030,1669,electricity,76043
2030,1670,electricity,76006
2030,1671,electricity,75158
2030,1672,electricity,73122
2030,1673,electricity,72088
2030,1674,electricity,71726
2030,1675,electricity,73841
2030,1676,electricity,80204
2030,1677,electricity,78022
2030,1678,electricity,73216
2030,1679,electricity,70535
2030,1680,electricity,73145
2030,1681,electricity,71547
2030,1682,electricity,67772
2030,1683,electricity,67129
2030,1684,electricity,64624
2030,1685,electricity,63318
2030,1686,electricity,64817
2030,1687,electricity,69670
2030,1688,electricity,75583
2030,1689,electricity,78366
2030,1690,electricity,80943
2030,1691,electricity,81974
2030,1692,electricity,82536
2030,1693,electricity,82796
2030,1694,electricity,82424
2030,1695,electricity,81353
2030,1696,electricity,79102
2030,1697,electricity,77684
2030,1698,electricity,77191
2030,1699,electricity,78943
2030,1700,electricity,85021
2030,1701,electricity,83494
2030,1702,electricity,78903
2030,1703,electricity,76309
2030,1704,electricity,78633
2030,1705,electricity,77049
2030,1706,electricity,73333
2030,1707,electricity,72935
2030,1708,electricity,70488
2030,1709,electricity,68983
2030,1710,electricity,70457
2030,1711,electricity,75314
2030,1712,electricity,80591
2030,1713,electricity,83758
2030,1714,electricity,86473
2030,1715,electricity,86977
2030,1716,electricity,86784
2030,1717,electricity,86868
2030,1718,electricity,85960
2030,1719,electricity,84507
2030,1720,electricity,82044
2030,1721,electricity,80648
2030,1722,electricity,80202
2030,1723,electricity,82223
2030,1724,electricity,88523
2030,1725,electricity,86299
2030,1726,electricity,81924
2030,1727,electricity,79235
2030,1728,electricity,81214
2030,1729,electricity,79961
2030,1730,electricity,76409
2030,1731,electricity,76180
2030,1732,electricity,73348
2030,1733,electricity,71733
2030,1734,electricity,73075
2030,1735,electricity,78213
2030,1736,electricity,82953
2030,1737,electricity,85055
2030,1738,electricity,86092
2030,1739,electricity,85375
2030,1740,electricity,84222
2030,1741,electricity,83828
2030,1742,electricity,82712
2030,1743,electricity,81322
2030,1744,electricity,78645
2030,1745,electricity,77232
2030,1746,electricity,76617
2030,1747,electricity,78658
2030,1748,electricity,86008
2030,1749,electricity,85432
2030,1750,electricity,80859
2030,1751,electricity,78514
2030,1752,electricity,81272
2030,1753,electricity,79855
2030,1754,electricity,77144
2030,1755,electricity,77301
2030,1756,electricity,74782
2030,1757,electricity,73247
2030,1758,electricity,74743
2030,1759,electricity,79964
2030,1760,electricity,85894
2030,1761,electricity,87923
2030,1762,electricity,88216
2030,1763,electricity,87019
2030,1764,electricity,85391
2030,1765,electricity,83978
2030,1766,electricity,82329
2030,1767,electricity,79618
2030,1768,electricity,76322
2030,1769,electricity,73922
2030,1770,electricity,72760
2030,1771,electricity,75033
2030,1772,electricity,81840
2030,1773,electricity,81627
2030,1774,electricity,77739
2030,1775,electricity,75828
2030,1776,electricity,78961
2030,1777,electricity,77132
2030,1778,electricity,72970
2030,1779,electricity,72036
2030,1780,electricity,69225
2030,1781,electricity,67153
2030,1782,electricity,67023
2030,1783,electricity,68863
2030,1784,electricity,69980
2030,1785,electricity,72062
2030,1786,electricity,74518
2030,1787,electricity,75092
2030,1788,electricity,74412
2030,1789,electricity,74777
2030,1790,electricity,74538
2030,1791,electricity,71592
2030,1792,electricity,68713
2030,1793,electricity,67058
2030,1794,electricity,66851
2030,1795,electricity,69329
2030,1796,electricity,74638
2030,1797,electricity,74192
2030,1798,electricity,70678
2030,1799,electricity,69157
2030,1800,electricity,72259
2030,1801,electricity,71250
2030,1802,electricity,67517
2030,1803,electricity,66262
2030,1804,electricity,63005
2030,1805,electricity,60294
2030,1806,electricity,59349
2030,1807,electricity,59864
2030,1808,electricity,59413
2030,1809,electricity,61036
2030,1810,electricity,64071
2030,1811,electricity,66423
2030,1812,electricity,67973
2030,1813,electricity,69667
2030,1814,electricity,69296
2030,1815,electricity,65804
2030,1816,electricity,63314
2030,1817,electricity,62116
2030,1818,electricity,62040
2030,1819,electricity,64359
2030,1820,electricity,70663
2030,1821,electricity,72276
2030,1822,electricity,69571
2030,1823,electricity,67742
2030,1824,electricity,70219
2030,1825,electricity,69300
2030,1826,electricity,66344
2030,1827,electricity,66191
2030,1828,electricity,63721
2030,1829,electricity,62244
2030,1830,electricity,64062
2030,1831,electricity,69656
2030,1832,electricity,75856
2030,1833,electricity,78676
2030,1834,electricity,79895
2030,1835,electricity,79564
2030,1836,electricity,79375
2030,1837,electricity,79425
2030,1838,electricity,79091
2030,1839,electricity,77777
2030,1840,electricity,75308
2030,1841,electricity,73862
2030,1842,electricity,73174
2030,1843,electricity,75242
2030,1844,electricity,81717
2030,1845,electricity,80694
2030,1846,electricity,75900
2030,1847,electricity,72979
2030,1848,electricity,75229
2030,1849,electricity,73767
2030,1850,electricity,69964
2030,1851,electricity,69148
2030,1852,electricity,66568
2030,1853,electricity,64973
2030,1854,electricity,66412
2030,1855,electricity,71945
2030,1856,electricity,77903
2030,1857,electricity,80168
2030,1858,electricity,80496
2030,1859,electricity,79723
2030,1860,electricity,78657
2030,1861,electricity,77753
2030,1862,electricity,76638
2030,1863,electricity,74926
2030,1864,electricity,72163
2030,1865,electricity,70916
2030,1866,electricity,70671
2030,1867,electricity,72785
2030,1868,electricity,79046
2030,1869,electricity,78297
2030,1870,electricity,73555
2030,1871,electricity,70602
2030,1872,electricity,72803
2030,1873,electricity,71139
2030,1874,electricity,67203
2030,1875,electricity,66408
2030,1876,electricity,63680
2030,1877,electricity,62124
2030,1878,electricity,63582
2030,1879,electricity,68627
2030,1880,electricity,74219
2030,1881,electricity,77438
2030,1882,electricity,79110
2030,1883,electricity,78871
2030,1884,electricity,78434
2030,1885,electricity,78188
2030,1886,electricity,77221
2030,1887,electricity,75579
2030,1888,electricity,72634
2030,1889,electricity,70768
2030,1890,electricity,69580
2030,1891,electricity,70949
2030,1892,electricity,77190
2030,1893,electricity,77611
2030,1894,electricity,73055
2030,1895,electricity,70311
2030,1896,electricity,72705
2030,1897,electricity,71427
2030,1898,electricity,67839
2030,1899,electricity,67484
2030,1900,electricity,64855
2030,1901,electricity,63327
2030,1902,electricity,64848
2030,1903,electricity,70065
2030,1904,electricity,76127
2030,1905,electricity,78293
2030,1906,electricity,78465
2030,1907,electricity,77708
2030,1908,electricity,76825
2030,1909,electricity,76128
2030,1910,electricity,75412
2030,1911,electricity,73686
2030,1912,electricity,70827
2030,1913,electricity,69161
2030,1914,electricity,68666
2030,1915,electricity,70342
2030,1916,electricity,76473
2030,1917,electricity,75576
2030,1918,electricity,70880
2030,1919,electricity,67998
2030,1920,electricity,70060
2030,1921,electricity,68581
2030,1922,electricity,64956
2030,1923,electricity,64254
2030,1924,electricity,61710
2030,1925,electricity,60158
2030,1926,electricity,61834
2030,1927,electricity,66923
2030,1928,electricity,72547
2030,1929,electricity,74709
2030,1930,electricity,74878
2030,1931,electricity,73785
2030,1932,electricity,72409
2030,1933,electricity,71485
2030,1934,electricity,70427
2030,1935,electricity,68155
2030,1936,electricity,65399
2030,1937,electricity,63652
2030,1938,electricity,63106
2030,1939,electricity,65154
2030,1940,electricity,70521
2030,1941,electricity,70332
2030,1942,electricity,66453
2030,1943,electricity,64286
2030,1944,electricity,66535
2030,1945,electricity,64756
2030,1946,electricity,60450
2030,1947,electricity,59281
2030,1948,electricity,56186
2030,1949,electricity,53998
2030,1950,electricity,53944
2030,1951,electricity,55668
2030,1952,electricity,56900
2030,1953,electricity,59874
2030,1954,electricity,63118
2030,1955,electricity,64463
2030,1956,electricity,64345
2030,1957,electricity,65356
2030,1958,electricity,65080
2030,1959,electricity,62312
2030,1960,electricity,59491
2030,1961,electricity,57593
2030,1962,electricity,57098
2030,1963,electricity,59176
2030,1964,electricity,64236
2030,1965,electricity,64826
2030,1966,electricity,61636
2030,1967,electricity,60479
2030,1968,electricity,63868
2030,1969,electricity,63188
2030,1970,electricity,59633
2030,1971,electricity,58608
2030,1972,electricity,55480
2030,1973,electricity,53068
2030,1974,electricity,52444
2030,1975,electricity,53093
2030,1976,electricity,52898
2030,1977,electricity,55080
2030,1978,electricity,58534
2030,1979,electricity,60835
2030,1980,electricity,62272
2030,1981,electricity,63947
2030,1982,electricity,63849
2030,1983,electricity,60342
2030,1984,electricity,57750
2030,1985,electricity,56569
2030,1986,electricity,56551
2030,1987,electricity,59282
2030,1988,electricity,65408
2030,1989,electricity,67575
2030,1990,electricity,64870
2030,1991,electricity,63051
2030,1992,electricity,65631
2030,1993,electricity,64473
2030,1994,electricity,61378
2030,1995,electricity,60945
2030,1996,electricity,58505
2030,1997,electricity,57240
2030,1998,electricity,59023
2030,1999,electricity,64748
2030,2000,electricity,70807
2030,2001,electricity,74520
2030,2002,electricity,76201
2030,2003,electricity,76052
2030,2004,electricity,75470
2030,2005,electricity,75018
2030,2006,electricity,74044
2030,2007,electricity,72356
2030,2008,electricity,69705
2030,2009,electricity,68297
2030,2010,electricity,67936
2030,2011,electricity,70173
2030,2012,electricity,76253
2030,2013,electricity,75887
2030,2014,electricity,71193
2030,2015,electricity,68521
2030,2016,electricity,70685
2030,2017,electricity,69166
2030,2018,electricity,65521
2030,2019,electricity,64757
2030,2020,electricity,62306
2030,2021,electricity,61056
2030,2022,electricity,62563
2030,2023,electricity,67811
2030,2024,electricity,73949
2030,2025,electricity,77114
2030,2026,electricity,78305
2030,2027,electricity,77876
2030,2028,electricity,77265
2030,2029,electricity,76421
2030,2030,electricity,75365
2030,2031,electricity,73711
2030,2032,electricity,71162
2030,2033,electricity,69876
2030,2034,electricity,69654
2030,2035,electricity,71653
2030,2036,electricity,77212
2030,2037,electricity,77219
2030,2038,electricity,72579
2030,2039,electricity,70304
2030,2040,electricity,72273
2030,2041,electricity,70481
2030,2042,electricity,66839
2030,2043,electricity,66226
2030,2044,electricity,63761
2030,2045,electricity,62313
2030,2046,electricity,63944
2030,2047,electricity,69035
2030,2048,electricity,74451
2030,2049,electricity,77837
2030,2050,electricity,79291
2030,2051,electricity,78479
2030,2052,electricity,77115
2030,2053,electricity,76351
2030,2054,electricity,75202
2030,2055,electricity,73603
2030,2056,electricity,71065
2030,2057,electricity,69571
2030,2058,electricity,69095
2030,2059,electricity,71385
2030,2060,electricity,77107
2030,2061,electricity,77110
2030,2062,electricity,72347
2030,2063,electricity,69562
2030,2064,electricity,71776
2030,2065,electricity,70548
2030,2066,electricity,66802
2030,2067,electricity,66159
2030,2068,electricity,63410
2030,2069,electricity,61756
2030,2070,electricity,63138
2030,2071,electricity,68051
2030,2072,electricity,73668
2030,2073,electricity,76764
2030,2074,electricity,77775
2030,2075,electricity,77597
2030,2076,electricity,77109
2030,2077,electricity,77020
2030,2078,electricity,76652
2030,2079,electricity,75271
2030,2080,electricity,73092
2030,2081,electricity,71850
2030,2082,electricity,71342
2030,2083,electricity,73083
2030,2084,electricity,77901
2030,2085,electricity,77843
2030,2086,electricity,73371
2030,2087,electricity,70936
2030,2088,electricity,72982
2030,2089,electricity,71627
2030,2090,electricity,68129
2030,2091,electricity,67813
2030,2092,electricity,65113
2030,2093,electricity,63516
2030,2094,electricity,64838
2030,2095,electricity,69646
2030,2096,electricity,75070
2030,2097,electricity,77927
2030,2098,electricity,78846
2030,2099,electricity,78473
2030,2100,electricity,77841
2030,2101,electricity,77634
2030,2102,electricity,76578
2030,2103,electricity,74474
2030,2104,electricity,71379
2030,2105,electricity,69448
2030,2106,electricity,68777
2030,2107,electricity,70458
2030,2108,electricity,75100
2030,2109,electricity,75600
2030,2110,electricity,71558
2030,2111,electricity,69509
2030,2112,electricity,71758
2030,2113,electricity,69910
2030,2114,electricity,65699
2030,2115,electricity,64454
2030,2116,electricity,61250
2030,2117,electricity,59096
2030,2118,electricity,59021
2030,2119,electricity,60408
2030,2120,electricity,61550
2030,2121,electricity,64786
2030,2122,electricity,68281
2030,2123,electricity,69659
2030,2124,electricity,69743
2030,2125,electricity,70723
2030,2126,electricity,70826
2030,2127,electricity,68038
2030,2128,electricity,65260
2030,2129,electricity,63621
2030,2130,electricity,63106
2030,2131,electricity,65238
2030,2132,electricity,70014
2030,2133,electricity,71668
2030,2134,electricity,68487
2030,2135,electricity,67277
2030,2136,electricity,70666
2030,2137,electricity,69862
2030,2138,electricity,66472
2030,2139,electricity,66135
2030,2140,electricity,66097
2030,2141,electricity,62629
2030,2142,electricity,60284
2030,2143,electricity,59972
2030,2144,electricity,60355
2030,2145,electricity,61159
2030,2146,electricity,64090
2030,2147,electricity,66003
2030,2148,electricity,66503
2030,2149,electricity,66603
2030,2150,electricity,65945
2030,2151,electricity,61328
2030,2152,electricity,57999
2030,2153,electricity,55860
2030,2154,electricity,54654
2030,2155,electricity,55709
2030,2156,electricity,58922
2030,2157,electricity,63217
2030,2158,electricity,66073
2030,2159,electricity,65662
2030,2160,electricity,69251
2030,2161,electricity,68491
2030,2162,electricity,64906
2030,2163,electricity,64459
2030,2164,electricity,61759
2030,2165,electricity,59722
2030,2166,electricity,59590
2030,2167,electricity,60738
2030,2168,electricity,61808
2030,2169,electricity,62558
2030,2170,electricity,64957
2030,2171,electricity,66863
2030,2172,electricity,67417
2030,2173,electricity,68015
2030,2174,electricity,67247
2030,2175,electricity,63353
2030,2176,electricity,59872
2030,2177,electricity,57581
2030,2178,electricity,56994
2030,2179,electricity,58709
2030,2180,electricity,62691
2030,2181,electricity,65621
2030,2182,electricity,67230
2030,2183,electricity,65762
2030,2184,electricity,68610
2030,2185,electricity,67026
2030,2186,electricity,63373
2030,2187,electricity,63191
2030,2188,electricity,60912
2030,2189,electricity,59468
2030,2190,electricity,61281
2030,2191,electricity,67180
2030,2192,electricity,75317
2030,2193,electricity,78300
2030,2194,electricity,79918
2030,2195,electricity,79418
2030,2196,electricity,78162
2030,2197,electricity,77020
2030,2198,electricity,75517
2030,2199,electricity,73396
2030,2200,electricity,70011
2030,2201,electricity,67607
2030,2202,electricity,66186
2030,2203,electricity,66920
2030,2204,electricity,69663
2030,2205,electricity,70314
2030,2206,electricity,70877
2030,2207,electricity,68699
2030,2208,electricity,71082
2030,2209,electricity,69753
2030,2210,electricity,65775
2030,2211,electricity,65193
2030,2212,electricity,62847
2030,2213,electricity,61471
2030,2214,electricity,63044
2030,2215,electricity,68346
2030,2216,electricity,75866
2030,2217,electricity,78820
2030,2218,electricity,79383
2030,2219,electricity,78184
2030,2220,electricity,76555
2030,2221,electricity,75211
2030,2222,electricity,73800
2030,2223,electricity,71766
2030,2224,electricity,68828
2030,2225,electricity,66829
2030,2226,electricity,65410
2030,2227,electricity,66630
2030,2228,electricity,69476
2030,2229,electricity,70268
2030,2230,electricity,70666
2030,2231,electricity,68403
2030,2232,electricity,70797
2030,2233,electricity,69357
2030,2234,electricity,65415
2030,2235,electricity,65038
2030,2236,electricity,62475
2030,2237,electricity,60843
2030,2238,electricity,62115
2030,2239,electricity,67341
2030,2240,electricity,75053
2030,2241,electricity,78138
2030,2242,electricity,79280
2030,2243,electricity,79207
2030,2244,electricity,78450
2030,2245,electricity,77740
2030,2246,electricity,77000
2030,2247,electricity,75793
2030,2248,electricity,72921
2030,2249,electricity,71586
2030,2250,electricity,70774
2030,2251,electricity,72350
2030,2252,electricity,75164
2030,2253,electricity,74439
2030,2254,electricity,73290
2030,2255,electricity,70240
2030,2256,electricity,72430
2030,2257,electricity,70749
2030,2258,electricity,66700
2030,2259,electricity,65916
2030,2260,electricity,63270
2030,2261,electricity,61470
2030,2262,electricity,62821
2030,2263,electricity,68003
2030,2264,electricity,74990
2030,2265,electricity,77962
2030,2266,electricity,79614
2030,2267,electricity,79710
2030,2268,electricity,79391
2030,2269,electricity,78929
2030,2270,electricity,78029
2030,2271,electricity,76167
2030,2272,electricity,73174
2030,2273,electricity,71198
2030,2274,electricity,70177
2030,2275,electricity,71150
2030,2276,electricity,73252
2030,2277,electricity,72980
2030,2278,electricity,72639
2030,2279,electricity,70700
2030,2280,electricity,73371
2030,2281,electricity,71347
2030,2282,electricity,66741
2030,2283,electricity,65532
2030,2284,electricity,62207
2030,2285,electricity,59991
2030,2286,electricity,59752
2030,2287,electricity,61379
2030,2288,electricity,63504
2030,2289,electricity,65919
2030,2290,electricity,69864
2030,2291,electricity,71320
2030,2292,electricity,71226
2030,2293,electricity,72027
2030,2294,electricity,72006
2030,2295,electricity,69071
2030,2296,electricity,66069
2030,2297,electricity,64076
2030,2298,electricity,63624
2030,2299,electricity,64978
2030,2300,electricity,67311
2030,2301,electricity,67735
2030,2302,electricity,67934
2030,2303,electricity,66817
2030,2304,electricity,70245
2030,2305,electricity,69464
2030,2306,electricity,65777
2030,2307,electricity,64674
2030,2308,electricity,61478
2030,2309,electricity,58942
2030,2310,electricity,58192
2030,2311,electricity,59095
2030,2312,electricity,59640
2030,2313,electricity,60959
2030,2314,electricity,63611
2030,2315,electricity,65105
2030,2316,electricity,65179
2030,2317,electricity,65333
2030,2318,electricity,64382
2030,2319,electricity,60208
2030,2320,electricity,56675
2030,2321,electricity,54276
2030,2322,electricity,53413
2030,2323,electricity,55288
2030,2324,electricity,59431
2030,2325,electricity,62517
2030,2326,electricity,64287
2030,2327,electricity,62832
2030,2328,electricity,65734
2030,2329,electricity,64543
2030,2330,electricity,61146
2030,2331,electricity,60676
2030,2332,electricity,58092
2030,2333,electricity,56352
2030,2334,electricity,57937
2030,2335,electricity,63700
2030,2336,electricity,71082
2030,2337,electricity,74449
2030,2338,electricity,76153
2030,2339,electricity,76018
2030,2340,electricity,75360
2030,2341,electricity,74706
2030,2342,electricity,73990
2030,2343,electricity,72490
2030,2344,electricity,69767
2030,2345,electricity,67676
2030,2346,electricity,66161
2030,2347,electricity,66718
2030,2348,electricity,69294
2030,2349,electricity,68763
2030,2350,electricity,68762
2030,2351,electricity,66276
2030,2352,electricity,68607
2030,2353,electricity,67005
2030,2354,electricity,62800
2030,2355,electricity,62089
2030,2356,electricity,59351
2030,2357,electricity,57578
2030,2358,electricity,58899
2030,2359,electricity,64090
2030,2360,electricity,71188
2030,2361,electricity,74135
2030,2362,electricity,75307
2030,2363,electricity,75147
2030,2364,electricity,74573
2030,2365,electricity,74235
2030,2366,electricity,73244
2030,2367,electricity,71909
2030,2368,electricity,69132
2030,2369,electricity,66937
2030,2370,electricity,65616
2030,2371,electricity,65910
2030,2372,electricity,68011
2030,2373,electricity,67379
2030,2374,electricity,67283
2030,2375,electricity,65136
2030,2376,electricity,67230
2030,2377,electricity,65611
2030,2378,electricity,61344
2030,2379,electricity,60275
2030,2380,electricity,57565
2030,2381,electricity,55883
2030,2382,electricity,57030
2030,2383,electricity,62033
2030,2384,electricity,68023
2030,2385,electricity,71209
2030,2386,electricity,72990
2030,2387,electricity,72731
2030,2388,electricity,72103
2030,2389,electricity,71893
2030,2390,electricity,70841
2030,2391,electricity,69422
2030,2392,electricity,66976
2030,2393,electricity,65186
2030,2394,electricity,64055
2030,2395,electricity,64942
2030,2396,electricity,67269
2030,2397,electricity,66240
2030,2398,electricity,65372
2030,2399,electricity,62839
2030,2400,electricity,64978
2030,2401,electricity,63042
2030,2402,electricity,58862
2030,2403,electricity,57896
2030,2404,electricity,54933
2030,2405,electricity,52781
2030,2406,electricity,53797
2030,2407,electricity,58664
2030,2408,electricity,65219
2030,2409,electricity,67979
2030,2410,electricity,69295
2030,2411,electricity,69450
2030,2412,electricity,69369
2030,2413,electricity,68918
2030,2414,electricity,68287
2030,2415,electricity,67030
2030,2416,electricity,64915
2030,2417,electricity,63312
2030,2418,electricity,62454
2030,2419,electricity,63398
2030,2420,electricity,65874
2030,2421,electricity,64484
2030,2422,electricity,63502
2030,2423,electricity,61231
2030,2424,electricity,63343
2030,2425,electricity,61734
2030,2426,electricity,57650
2030,2427,electricity,56612
2030,2428,electricity,53945
2030,2429,electricity,52408
2030,2430,electricity,53812
2030,2431,electricity,58723
2030,2432,electricity,64791
2030,2433,electricity,67748
2030,2434,electricity,69016
2030,2435,electricity,68747
2030,2436,electricity,68228
2030,2437,electricity,67718
2030,2438,electricity,66639
2030,2439,electricity,64784
2030,2440,electricity,62195
2030,2441,electricity,60322
2030,2442,electricity,58994
2030,2443,electricity,59658
2030,2444,electricity,61151
2030,2445,electricity,60306
2030,2446,electricity,61266
2030,2447,electricity,60165
2030,2448,electricity,62845
2030,2449,electricity,61182
2030,2450,electricity,56481
2030,2451,electricity,55099
2030,2452,electricity,52125
2030,2453,electricity,49751
2030,2454,electricity,49628
2030,2455,electricity,51417
2030,2456,electricity,52705
2030,2457,electricity,55092
2030,2458,electricity,57936
2030,2459,electricity,58827
2030,2460,electricity,58285
2030,2461,electricity,58848
2030,2462,electricity,58743
2030,2463,electricity,55997
2030,2464,electricity,53250
2030,2465,electricity,51235
2030,2466,electricity,50358
2030,2467,electricity,51572
2030,2468,electricity,53536
2030,2469,electricity,53603
2030,2470,electricity,54578
2030,2471,electricity,53578
2030,2472,electricity,57005
2030,2473,electricity,56155
2030,2474,electricity,51917
2030,2475,electricity,50532
2030,2476,electricity,47044
2030,2477,electricity,44305
2030,2478,electricity,43733
2030,2479,electricity,44356
2030,2480,electricity,44175
2030,2481,electricity,45768
2030,2482,electricity,48190
2030,2483,electricity,49242
2030,2484,electricity,49478
2030,2485,electricity,50027
2030,2486,electricity,49787
2030,2487,electricity,46127
2030,2488,electricity,43373
2030,2489,electricity,41564
2030,2490,electricity,40493
2030,2491,electricity,41532
2030,2492,electricity,44352
2030,2493,electricity,46265
2030,2494,electricity,49261
2030,2495,electricity,48714
2030,2496,electricity,51263
2030,2497,electricity,50001
2030,2498,electricity,46362
2030,2499,electricity,45291
2030,2500,electricity,42668
2030,2501,electricity,41188
2030,2502,electricity,42787
2030,2503,electricity,47749
2030,2504,electricity,52976
2030,2505,electricity,56714
2030,2506,electricity,58775
2030,2507,electricity,59445
2030,2508,electricity,59758
2030,2509,electricity,60063
2030,2510,electricity,59496
2030,2511,electricity,58433
2030,2512,electricity,56246
2030,2513,electricity,54474
2030,2514,electricity,52892
2030,2515,electricity,52897
2030,2516,electricity,54756
2030,2517,electricity,53828
2030,2518,electricity,54238
2030,2519,electricity,52514
2030,2520,electricity,54981
2030,2521,electricity,53299
2030,2522,electricity,49070
2030,2523,electricity,48037
2030,2524,electricity,45337
2030,2525,electricity,43772
2030,2526,electricity,44660
2030,2527,electricity,49156
2030,2528,electricity,54206
2030,2529,electricity,57691
2030,2530,electricity,59389
2030,2531,electricity,59774
2030,2532,electricity,59973
2030,2533,electricity,60158
2030,2534,electricity,60046
2030,2535,electricity,59004
2030,2536,electricity,57167
2030,2537,electricity,55619
2030,2538,electricity,54221
2030,2539,electricity,54286
2030,2540,electricity,56127
2030,2541,electricity,54904
2030,2542,electricity,54698
2030,2543,electricity,53255
2030,2544,electricity,55317
2030,2545,electricity,53396
2030,2546,electricity,48954
2030,2547,electricity,47780
2030,2548,electricity,45013
2030,2549,electricity,43561
2030,2550,electricity,44507
2030,2551,electricity,48917
2030,2552,electricity,53518
2030,2553,electricity,56920
2030,2554,electricity,58760
2030,2555,electricity,59227
2030,2556,electricity,59009
2030,2557,electricity,59318
2030,2558,electricity,58676
2030,2559,electricity,57737
2030,2560,electricity,55835
2030,2561,electricity,54082
2030,2562,electricity,52678
2030,2563,electricity,52745
2030,2564,electricity,53858
2030,2565,electricity,52313
2030,2566,electricity,52952
2030,2567,electricity,51473
2030,2568,electricity,53648
2030,2569,electricity,51889
2030,2570,electricity,47548
2030,2571,electricity,46112
2030,2572,electricity,43309
2030,2573,electricity,41568
2030,2574,electricity,42395
2030,2575,electricity,46921
2030,2576,electricity,51968
2030,2577,electricity,55707
2030,2578,electricity,57604
2030,2579,electricity,58351
2030,2580,electricity,58861
2030,2581,electricity,59066
2030,2582,electricity,58670
2030,2583,electricity,57626
2030,2584,electricity,56025
2030,2585,electricity,54390
2030,2586,electricity,53083
2030,2587,electricity,53368
2030,2588,electricity,55183
2030,2589,electricity,53884
2030,2590,electricity,54144
2030,2591,electricity,52727
2030,2592,electricity,54946
2030,2593,electricity,53274
2030,2594,electricity,48906
2030,2595,electricity,47752
2030,2596,electricity,44986
2030,2597,electricity,43710
2030,2598,electricity,44918
2030,2599,electricity,49569
2030,2600,electricity,54421
2030,2601,electricity,58251
2030,2602,electricity,60318
2030,2603,electricity,61042
2030,2604,electricity,61321
2030,2605,electricity,61422
2030,2606,electricity,61088
2030,2607,electricity,59719
2030,2608,electricity,57764
2030,2609,electricity,55850
2030,2610,electricity,54525
2030,2611,electricity,54914
2030,2612,electricity,56209
2030,2613,electricity,55006
2030,2614,electricity,55565
2030,2615,electricity,55100
2030,2616,electricity,57593
2030,2617,electricity,55875
2030,2618,electricity,51571
2030,2619,electricity,50109
2030,2620,electricity,47293
2030,2621,electricity,45448
2030,2622,electricity,45449
2030,2623,electricity,46908
2030,2624,electricity,48139
2030,2625,electricity,51028
2030,2626,electricity,54245
2030,2627,electricity,55795
2030,2628,electricity,56091
2030,2629,electricity,57170
2030,2630,electricity,56957
2030,2631,electricity,54363
2030,2632,electricity,52040
2030,2633,electricity,50264
2030,2634,electricity,49307
2030,2635,electricity,50288
2030,2636,electricity,52147
2030,2637,electricity,51965
2030,2638,electricity,52871
2030,2639,electricity,53138
2030,2640,electricity,56611
2030,2641,electricity,55717
2030,2642,electricity,51806
2030,2643,electricity,50404
2030,2644,electricity,47323
2030,2645,electricity,45136
2030,2646,electricity,44781
2030,2647,electricity,45422
2030,2648,electricity,45388
2030,2649,electricity,47171
2030,2650,electricity,49760
2030,2651,electricity,51318
2030,2652,electricity,52061
2030,2653,electricity,53102
2030,2654,electricity,52767
2030,2655,electricity,49276
2030,2656,electricity,46439
2030,2657,electricity,44463
2030,2658,electricity,43638
2030,2659,electricity,45225
2030,2660,electricity,48365
2030,2661,electricity,50219
2030,2662,electricity,52360
2030,2663,electricity,52366
2030,2664,electricity,55131
2030,2665,electricity,53831
2030,2666,electricity,50057
2030,2667,electricity,49134
2030,2668,electricity,46510
2030,2669,electricity,45282
2030,2670,electricity,47112
2030,2671,electricity,52334
2030,2672,electricity,57115
2030,2673,electricity,61226
2030,2674,electricity,63163
2030,2675,electricity,63291
2030,2676,electricity,63055
2030,2677,electricity,63256
2030,2678,electricity,62748
2030,2679,electricity,61647
2030,2680,electricity,59263
2030,2681,electricity,57144
2030,2682,electricity,55141
2030,2683,electricity,55919
2030,2684,electricity,58097
2030,2685,electricity,57243
2030,2686,electricity,57433
2030,2687,electricity,56397
2030,2688,electricity,58797
2030,2689,electricity,57118
2030,2690,electricity,52920
2030,2691,electricity,51811
2030,2692,electricity,49161
2030,2693,electricity,47775
2030,2694,electricity,48926
2030,2695,electricity,53180
2030,2696,electricity,57739
2030,2697,electricity,61624
2030,2698,electricity,63213
2030,2699,electricity,63429
2030,2700,electricity,62988
2030,2701,electricity,63120
2030,2702,electricity,62257
2030,2703,electricity,61006
2030,2704,electricity,58412
2030,2705,electricity,56343
2030,2706,electricity,54738
2030,2707,electricity,54496
2030,2708,electricity,55900
2030,2709,electricity,54809
2030,2710,electricity,55134
2030,2711,electricity,54812
2030,2712,electricity,57232
2030,2713,electricity,55665
2030,2714,electricity,51331
2030,2715,electricity,50418
2030,2716,electricity,47710
2030,2717,electricity,46352
2030,2718,electricity,47637
2030,2719,electricity,51667
2030,2720,electricity,55863
2030,2721,electricity,59295
2030,2722,electricity,60978
2030,2723,electricity,60962
2030,2724,electricity,60514
2030,2725,electricity,60393
2030,2726,electricity,59523
2030,2727,electricity,58548
2030,2728,electricity,56145
2030,2729,electricity,54184
2030,2730,electricity,52763
2030,2731,electricity,52580
2030,2732,electricity,53816
2030,2733,electricity,52574
2030,2734,electricity,52848
2030,2735,electricity,52469
2030,2736,electricity,54940
2030,2737,electricity,53212
2030,2738,electricity,48842
2030,2739,electricity,47590
2030,2740,electricity,44867
2030,2741,electricity,43256
2030,2742,electricity,44219
2030,2743,electricity,48020
2030,2744,electricity,52191
2030,2745,electricity,55833
2030,2746,electricity,57720
2030,2747,electricity,58140
2030,2748,electricity,58420
2030,2749,electricity,58522
2030,2750,electricity,58183
2030,2751,electricity,57457
2030,2752,electricity,55533
2030,2753,electricity,53806
2030,2754,electricity,52247
2030,2755,electricity,52528
2030,2756,electricity,53371
2030,2757,electricity,51892
2030,2758,electricity,51700
2030,2759,electricity,51603
2030,2760,electricity,53986
2030,2761,electricity,52031
2030,2762,electricity,47565
2030,2763,electricity,46184
2030,2764,electricity,43205
2030,2765,electricity,41462
2030,2766,electricity,42307
2030,2767,electricity,45697
2030,2768,electricity,49996
2030,2769,electricity,54246
2030,2770,electricity,57215
2030,2771,electricity,58730
2030,2772,electricity,59518
2030,2773,electricity,60570
2030,2774,electricity,60163
2030,2775,electricity,59181
2030,2776,electricity,57612
2030,2777,electricity,55992
2030,2778,electricity,55019
2030,2779,electricity,55645
2030,2780,electricity,57137
2030,2781,electricity,55651
2030,2782,electricity,54716
2030,2783,electricity,54093
2030,2784,electricity,56692
2030,2785,electricity,54715
2030,2786,electricity,50063
2030,2787,electricity,48701
2030,2788,electricity,45655
2030,2789,electricity,43769
2030,2790,electricity,43784
2030,2791,electricity,45100
2030,2792,electricity,45977
2030,2793,electricity,49099
2030,2794,electricity,52602
2030,2795,electricity,54649
2030,2796,electricity,55580
2030,2797,electricity,56751
2030,2798,electricity,57182
2030,2799,electricity,54741
2030,2800,electricity,52708
2030,2801,electricity,51118
2030,2802,electricity,50327
2030,2803,electricity,51650
2030,2804,electricity,53565
2030,2805,electricity,53374
2030,2806,electricity,53858
2030,2807,electricity,54306
2030,2808,electricity,58202
2030,2809,electricity,56799
2030,2810,electricity,52596
2030,2811,electricity,51342
2030,2812,electricity,48232
2030,2813,electricity,46024
2030,2814,electricity,45555
2030,2815,electricity,45876
2030,2816,electricity,45712
2030,2817,electricity,47772
2030,2818,electricity,50721
2030,2819,electricity,52796
2030,2820,electricity,54225
2030,2821,electricity,55791
2030,2822,electricity,55764
2030,2823,electricity,52633
2030,2824,electricity,50119
2030,2825,electricity,48351
2030,2826,electricity,47788
2030,2827,electricity,49180
2030,2828,electricity,52010
2030,2829,electricity,53301
2030,2830,electricity,54428
2030,2831,electricity,54950
2030,2832,electricity,57601
2030,2833,electricity,56194
2030,2834,electricity,52371
2030,2835,electricity,51523
2030,2836,electricity,49020
2030,2837,electricity,47662
2030,2838,electricity,49561
2030,2839,electricity,54273
2030,2840,electricity,59651
2030,2841,electricity,63507
2030,2842,electricity,65846
2030,2843,electricity,66350
2030,2844,electricity,66283
2030,2845,electricity,66353
2030,2846,electricity,65861
2030,2847,electricity,64734
2030,2848,electricity,62380
2030,2849,electricity,60322
2030,2850,electricity,58687
2030,2851,electricity,58955
2030,2852,electricity,61390
2030,2853,electricity,60426
2030,2854,electricity,59146
2030,2855,electricity,58485
2030,2856,electricity,60770
2030,2857,electricity,59155
2030,2858,electricity,54605
2030,2859,electricity,53514
2030,2860,electricity,50626
2030,2861,electricity,49073
2030,2862,electricity,50188
2030,2863,electricity,54296
2030,2864,electricity,59313
2030,2865,electricity,63324
2030,2866,electricity,65838
2030,2867,electricity,66570
2030,2868,electricity,66684
2030,2869,electricity,66793
2030,2870,electricity,66108
2030,2871,electricity,64758
2030,2872,electricity,62232
2030,2873,electricity,60237
2030,2874,electricity,58653
2030,2875,electricity,58633
2030,2876,electricity,60160
2030,2877,electricity,58776
2030,2878,electricity,57787
2030,2879,electricity,56881
2030,2880,electricity,59122
2030,2881,electricity,56955
2030,2882,electricity,52331
2030,2883,electricity,50794
2030,2884,electricity,47564
2030,2885,electricity,44899
2030,2886,electricity,43895
2030,2887,electricity,44263
2030,2888,electricity,44306
2030,2889,electricity,46128
2030,2890,electricity,48639
2030,2891,electricity,50555
2030,2892,electricity,51774
2030,2893,electricity,53292
2030,2894,electricity,53320
2030,2895,electricity,50188
2030,2896,electricity,47239
2030,2897,electricity,45356
2030,2898,electricity,44909
2030,2899,electricity,46298
2030,2900,electricity,49271
2030,2901,electricity,49892
2030,2902,electricity,50894
2030,2903,electricity,51320
2030,2904,electricity,54162
2030,2905,electricity,52989
2030,2906,electricity,49115
2030,2907,electricity,48183
2030,2908,electricity,45323
2030,2909,electricity,43956
2030,2910,electricity,45826
2030,2911,electricity,50487
2030,2912,electricity,55677
2030,2913,electricity,59575
2030,2914,electricity,62058
2030,2915,electricity,62944
2030,2916,electricity,62897
2030,2917,electricity,62903
2030,2918,electricity,62263
2030,2919,electricity,60994
2030,2920,electricity,58675
2030,2921,electricity,56666
2030,2922,electricity,55121
2030,2923,electricity,55428
2030,2924,electricity,57303
2030,2925,electricity,55773
2030,2926,electricity,55183
2030,2927,electricity,54951
2030,2928,electricity,57295
2030,2929,electricity,55417
2030,2930,electricity,51207
2030,2931,electricity,50046
2030,2932,electricity,47162
2030,2933,electricity,45809
2030,2934,electricity,46948
2030,2935,electricity,50724
2030,2936,electricity,55334
2030,2937,electricity,59360
2030,2938,electricity,61772
2030,2939,electricity,62257
2030,2940,electricity,62213
2030,2941,electricity,62275
2030,2942,electricity,61492
2030,2943,electricity,59678
2030,2944,electricity,57223
2030,2945,electricity,55078
2030,2946,electricity,53709
2030,2947,electricity,53848
2030,2948,electricity,54774
2030,2949,electricity,53220
2030,2950,electricity,52990
2030,2951,electricity,53744
2030,2952,electricity,56597
2030,2953,electricity,54661
2030,2954,electricity,50051
2030,2955,electricity,48776
2030,2956,electricity,45645
2030,2957,electricity,43684
2030,2958,electricity,43671
2030,2959,electricity,44678
2030,2960,electricity,45964
2030,2961,electricity,48749
2030,2962,electricity,51564
2030,2963,electricity,52743
2030,2964,electricity,52794
2030,2965,electricity,53567
2030,2966,electricity,53496
2030,2967,electricity,50773
2030,2968,electricity,48257
2030,2969,electricity,46175
2030,2970,electricity,45182
2030,2971,electricity,45857
2030,2972,electricity,47502
2030,2973,electricity,47098
2030,2974,electricity,47564
2030,2975,electricity,48743
2030,2976,electricity,52254
2030,2977,electricity,51307
2030,2978,electricity,47181
2030,2979,electricity,45666
2030,2980,electricity,42461
2030,2981,electricity,40156
2030,2982,electricity,39532
2030,2983,electricity,39725
2030,2984,electricity,39577
2030,2985,electricity,41321
2030,2986,electricity,43925
2030,2987,electricity,45680
2030,2988,electricity,46793
2030,2989,electricity,48180
2030,2990,electricity,48340
2030,2991,electricity,45240
2030,2992,electricity,42760
2030,2993,electricity,41037
2030,2994,electricity,40363
2030,2995,electricity,41679
2030,2996,electricity,44187
2030,2997,electricity,45129
2030,2998,electricity,46164
2030,2999,electricity,47373
2030,3000,electricity,50438
2030,3001,electricity,49026
2030,3002,electricity,45206
2030,3003,electricity,44108
2030,3004,electricity,41623
2030,3005,electricity,40106
2030,3006,electricity,41680
2030,3007,electricity,45791
2030,3008,electricity,51096
2030,3009,electricity,54729
2030,3010,electricity,56494
2030,3011,electricity,56928
2030,3012,electricity,57146
2030,3013,electricity,57693
2030,3014,electricity,57487
2030,3015,electricity,56484
2030,3016,electricity,54414
2030,3017,electricity,52743
2030,3018,electricity,51290
2030,3019,electricity,51285
2030,3020,electricity,52867
2030,3021,electricity,51232
2030,3022,electricity,50406
2030,3023,electricity,50659
2030,3024,electricity,53056
2030,3025,electricity,51010
2030,3026,electricity,46692
2030,3027,electricity,45457
2030,3028,electricity,42815
2030,3029,electricity,41285
2030,3030,electricity,42296
2030,3031,electricity,45661
2030,3032,electricity,50433
2030,3033,electricity,54150
2030,3034,electricity,56120
2030,3035,electricity,56835
2030,3036,electricity,57119
2030,3037,electricity,57451
2030,3038,electricity,57105
2030,3039,electricity,56110
2030,3040,electricity,54273
2030,3041,electricity,52337
2030,3042,electricity,50961
2030,3043,electricity,50774
2030,3044,electricity,51445
2030,3045,electricity,49838
2030,3046,electricity,49277
2030,3047,electricity,49879
2030,3048,electricity,52513
2030,3049,electricity,50441
2030,3050,electricity,45800
2030,3051,electricity,44254
2030,3052,electricity,41125
2030,3053,electricity,38938
2030,3054,electricity,38330
2030,3055,electricity,38295
2030,3056,electricity,38834
2030,3057,electricity,41159
2030,3058,electricity,44101
2030,3059,electricity,46291
2030,3060,electricity,47596
2030,3061,electricity,49173
2030,3062,electricity,49490
2030,3063,electricity,47140
2030,3064,electricity,44629
2030,3065,electricity,42941
2030,3066,electricity,42109
2030,3067,electricity,43069
2030,3068,electricity,44985
2030,3069,electricity,44747
2030,3070,electricity,45002
2030,3071,electricity,46124
2030,3072,electricity,49281
2030,3073,electricity,47709
2030,3074,electricity,43627
2030,3075,electricity,42136
2030,3076,electricity,39178
2030,3077,electricity,37350
2030,3078,electricity,37018
2030,3079,electricity,37375
2030,3080,electricity,37929
2030,3081,electricity,40429
2030,3082,electricity,43150
2030,3083,electricity,45351
2030,3084,electricity,46370
2030,3085,electricity,48095
2030,3086,electricity,48399
2030,3087,electricity,46042
2030,3088,electricity,43631
2030,3089,electricity,42096
2030,3090,electricity,41666
2030,3091,electricity,42992
2030,3092,electricity,45409
2030,3093,electricity,45438
2030,3094,electricity,45375
2030,3095,electricity,46514
2030,3096,electricity,49645
2030,3097,electricity,48062
2030,3098,electricity,44156
2030,3099,electricity,42945
2030,3100,electricity,40115
2030,3101,electricity,38604
2030,3102,electricity,39264
2030,3103,electricity,41041
2030,3104,electricity,43679
2030,3105,electricity,47197
2030,3106,electricity,50229
2030,3107,electricity,51853
2030,3108,electricity,52332
2030,3109,electricity,53838
2030,3110,electricity,54025
2030,3111,electricity,52164
2030,3112,electricity,50075
2030,3113,electricity,48397
2030,3114,electricity,47623
2030,3115,electricity,48451
2030,3116,electricity,49914
2030,3117,electricity,48745
2030,3118,electricity,48250
2030,3119,electricity,49376
2030,3120,electricity,52172
2030,3121,electricity,50407
2030,3122,electricity,46000
2030,3123,electricity,44450
2030,3124,electricity,41329
2030,3125,electricity,39605
2030,3126,electricity,39522
2030,3127,electricity,40019
2030,3128,electricity,41135
2030,3129,electricity,44040
2030,3130,electricity,47368
2030,3131,electricity,49206
2030,3132,electricity,49861
2030,3133,electricity,51153
2030,3134,electricity,51433
2030,3135,electricity,49159
2030,3136,electricity,46911
2030,3137,electricity,45022
2030,3138,electricity,44207
2030,3139,electricity,45053
2030,3140,electricity,46809
2030,3141,electricity,46564
2030,3142,electricity,46532
2030,3143,electricity,47877
2030,3144,electricity,51205
2030,3145,electricity,49781
2030,3146,electricity,45588
2030,3147,electricity,44111
2030,3148,electricity,41043
2030,3149,electricity,38928
2030,3150,electricity,38472
2030,3151,electricity,38092
2030,3152,electricity,38443
2030,3153,electricity,40301
2030,3154,electricity,43058
2030,3155,electricity,45396
2030,3156,electricity,46986
2030,3157,electricity,48782
2030,3158,electricity,49042
2030,3159,electricity,46065
2030,3160,electricity,43723
2030,3161,electricity,42018
2030,3162,electricity,41502
2030,3163,electricity,42981
2030,3164,electricity,46041
2030,3165,electricity,47054
2030,3166,electricity,47475
2030,3167,electricity,48343
2030,3168,electricity,51046
2030,3169,electricity,49446
2030,3170,electricity,45428
2030,3171,electricity,44484
2030,3172,electricity,41756
2030,3173,electricity,40389
2030,3174,electricity,42009
2030,3175,electricity,46297
2030,3176,electricity,52612
2030,3177,electricity,56906
2030,3178,electricity,58832
2030,3179,electricity,59486
2030,3180,electricity,59915
2030,3181,electricity,60437
2030,3182,electricity,60075
2030,3183,electricity,59112
2030,3184,electricity,57025
2030,3185,electricity,55293
2030,3186,electricity,53794
2030,3187,electricity,53837
2030,3188,electricity,55687
2030,3189,electricity,53958
2030,3190,electricity,52562
2030,3191,electricity,53004
2030,3192,electricity,55323
2030,3193,electricity,53379
2030,3194,electricity,48725
2030,3195,electricity,47557
2030,3196,electricity,45011
2030,3197,electricity,43587
2030,3198,electricity,44612
2030,3199,electricity,48339
2030,3200,electricity,54450
2030,3201,electricity,58245
2030,3202,electricity,59715
2030,3203,electricity,60130
2030,3204,electricity,60463
2030,3205,electricity,60776
2030,3206,electricity,60341
2030,3207,electricity,59449
2030,3208,electricity,57558
2030,3209,electricity,55919
2030,3210,electricity,54863
2030,3211,electricity,55184
2030,3212,electricity,56931
2030,3213,electricity,55219
2030,3214,electricity,53648
2030,3215,electricity,53711
2030,3216,electricity,55712
2030,3217,electricity,53579
2030,3218,electricity,48979
2030,3219,electricity,47774
2030,3220,electricity,45216
2030,3221,electricity,43706
2030,3222,electricity,44780
2030,3223,electricity,48208
2030,3224,electricity,53703
2030,3225,electricity,57959
2030,3226,electricity,60420
2030,3227,electricity,61141
2030,3228,electricity,61709
2030,3229,electricity,61917
2030,3230,electricity,61310
2030,3231,electricity,60374
2030,3232,electricity,58339
2030,3233,electricity,56692
2030,3234,electricity,55565
2030,3235,electricity,55907
2030,3236,electricity,57585
2030,3237,electricity,55707
2030,3238,electricity,53985
2030,3239,electricity,54124
2030,3240,electricity,56670
2030,3241,electricity,54869
2030,3242,electricity,50534
2030,3243,electricity,49447
2030,3244,electricity,46785
2030,3245,electricity,45192
2030,3246,electricity,45947
2030,3247,electricity,49986
2030,3248,electricity,56327
2030,3249,electricity,60236
2030,3250,electricity,61883
2030,3251,electricity,62393
2030,3252,electricity,62711
2030,3253,electricity,63059
2030,3254,electricity,62601
2030,3255,electricity,61740
2030,3256,electricity,59674
2030,3257,electricity,58082
2030,3258,electricity,56914
2030,3259,electricity,57493
2030,3260,electricity,59012
2030,3261,electricity,56952
2030,3262,electricity,55080
2030,3263,electricity,55268
2030,3264,electricity,57806
2030,3265,electricity,55790
2030,3266,electricity,51298
2030,3267,electricity,50183
2030,3268,electricity,47564
2030,3269,electricity,46251
2030,3270,electricity,47403
2030,3271,electricity,50956
2030,3272,electricity,57044
2030,3273,electricity,60566
2030,3274,electricity,61971
2030,3275,electricity,62033
2030,3276,electricity,61857
2030,3277,electricity,61785
2030,3278,electricity,61321
2030,3279,electricity,59611
2030,3280,electricity,57374
2030,3281,electricity,55184
2030,3282,electricity,53999
2030,3283,electricity,54413
2030,3284,electricity,55393
2030,3285,electricity,53997
2030,3286,electricity,52728
2030,3287,electricity,53857
2030,3288,electricity,56750
2030,3289,electricity,54639
2030,3290,electricity,49751
2030,3291,electricity,48137
2030,3292,electricity,45232
2030,3293,electricity,43333
2030,3294,electricity,43060
2030,3295,electricity,43452
2030,3296,electricity,45102
2030,3297,electricity,48039
2030,3298,electricity,51395
2030,3299,electricity,53109
2030,3300,electricity,53775
2030,3301,electricity,55149
2030,3302,electricity,55466
2030,3303,electricity,53138
2030,3304,electricity,50866
2030,3305,electricity,48997
2030,3306,electricity,48263
2030,3307,electricity,49383
2030,3308,electricity,51186
2030,3309,electricity,50629
2030,3310,electricity,49618
2030,3311,electricity,50579
2030,3312,electricity,54338
2030,3313,electricity,53139
2030,3314,electricity,48759
2030,3315,electricity,47103
2030,3316,electricity,43779
2030,3317,electricity,41425
2030,3318,electricity,40719
2030,3319,electricity,40131
2030,3320,electricity,40637
2030,3321,electricity,42853
2030,3322,electricity,45967
2030,3323,electricity,48368
2030,3324,electricity,49954
2030,3325,electricity,51794
2030,3326,electricity,52012
2030,3327,electricity,48938
2030,3328,electricity,46607
2030,3329,electricity,45029
2030,3330,electricity,44515
2030,3331,electricity,45671
2030,3332,electricity,47845
2030,3333,electricity,48676
2030,3334,electricity,48710
2030,3335,electricity,50214
2030,3336,electricity,53513
2030,3337,electricity,52117
2030,3338,electricity,47716
2030,3339,electricity,46366
2030,3340,electricity,43415
2030,3341,electricity,41527
2030,3342,electricity,41441
2030,3343,electricity,41774
2030,3344,electricity,42924
2030,3345,electricity,45408
2030,3346,electricity,48705
2030,3347,electricity,51493
2030,3348,electricity,53459
2030,3349,electricity,55665
2030,3350,electricity,55890
2030,3351,electricity,53282
2030,3352,electricity,50727
2030,3353,electricity,49333
2030,3354,electricity,48925
2030,3355,electricity,50489
2030,3356,electricity,53401
2030,3357,electricity,52908
2030,3358,electricity,52133
2030,3359,electricity,52488
2030,3360,electricity,55051
2030,3361,electricity,53342
2030,3362,electricity,49123
2030,3363,electricity,48220
2030,3364,electricity,45421
2030,3365,electricity,43919
2030,3366,electricity,45457
2030,3367,electricity,49820
2030,3368,electricity,56505
2030,3369,electricity,60995
2030,3370,electricity,63325
2030,3371,electricity,64272
2030,3372,electricity,64740
2030,3373,electricity,65160
2030,3374,electricity,64725
2030,3375,electricity,63913
2030,3376,electricity,62003
2030,3377,electricity,60638
2030,3378,electricity,59759
2030,3379,electricity,60097
2030,3380,electricity,62171
2030,3381,electricity,59778
2030,3382,electricity,57293
2030,3383,electricity,56734
2030,3384,electricity,58976
2030,3385,electricity,56766
2030,3386,electricity,52004
2030,3387,electricity,50793
2030,3388,electricity,48053
2030,3389,electricity,46487
2030,3390,electricity,47602
2030,3391,electricity,51141
2030,3392,electricity,57130
2030,3393,electricity,61374
2030,3394,electricity,63270
2030,3395,electricity,63840
2030,3396,electricity,63982
2030,3397,electricity,64350
2030,3398,electricity,63648
2030,3399,electricity,62328
2030,3400,electricity,60425
2030,3401,electricity,58724
2030,3402,electricity,57359
2030,3403,electricity,57916
2030,3404,electricity,59644
2030,3405,electricity,57620
2030,3406,electricity,55441
2030,3407,electricity,55619
2030,3408,electricity,58164
2030,3409,electricity,56289
2030,3410,electricity,51802
2030,3411,electricity,50584
2030,3412,electricity,47933
2030,3413,electricity,46290
2030,3414,electricity,47598
2030,3415,electricity,51059
2030,3416,electricity,57460
2030,3417,electricity,61134
2030,3418,electricity,62794
2030,3419,electricity,63259
2030,3420,electricity,63588
2030,3421,electricity,64074
2030,3422,electricity,63832
2030,3423,electricity,62934
2030,3424,electricity,61016
2030,3425,electricity,59527
2030,3426,electricity,58517
2030,3427,electricity,59209
2030,3428,electricity,61022
2030,3429,electricity,58797
2030,3430,electricity,57153
2030,3431,electricity,57592
2030,3432,electricity,60521
2030,3433,electricity,58664
2030,3434,electricity,54128
2030,3435,electricity,53046
2030,3436,electricity,50630
2030,3437,electricity,49255
2030,3438,electricity,50410
2030,3439,electricity,53986
2030,3440,electricity,60305
2030,3441,electricity,63814
2030,3442,electricity,65627
2030,3443,electricity,65840
2030,3444,electricity,66123
2030,3445,electricity,66542
2030,3446,electricity,66303
2030,3447,electricity,64923
2030,3448,electricity,62584
2030,3449,electricity,60707
2030,3450,electricity,59820
2030,3451,electricity,60453
2030,3452,electricity,61856
2030,3453,electricity,59953
2030,3454,electricity,58336
2030,3455,electricity,59045
2030,3456,electricity,61864
2030,3457,electricity,59729
2030,3458,electricity,54839
2030,3459,electricity,53161
2030,3460,electricity,50013
2030,3461,electricity,47928
2030,3462,electricity,47705
2030,3463,electricity,48201
2030,3464,electricity,49919
2030,3465,electricity,52985
2030,3466,electricity,56008
2030,3467,electricity,57350
2030,3468,electricity,57452
2030,3469,electricity,58423
2030,3470,electricity,58554
2030,3471,electricity,55605
2030,3472,electricity,52917
2030,3473,electricity,50692
2030,3474,electricity,49504
2030,3475,electricity,50087
2030,3476,electricity,51682
2030,3477,electricity,51133
2030,3478,electricity,50406
2030,3479,electricity,52676
2030,3480,electricity,56978
2030,3481,electricity,55966
2030,3482,electricity,51818
2030,3483,electricity,50552
2030,3484,electricity,47336
2030,3485,electricity,44974
2030,3486,electricity,44477
2030,3487,electricity,43948
2030,3488,electricity,44689
2030,3489,electricity,46634
2030,3490,electricity,49281
2030,3491,electricity,51093
2030,3492,electricity,51899
2030,3493,electricity,52666
2030,3494,electricity,52405
2030,3495,electricity,48821
2030,3496,electricity,46271
2030,3497,electricity,44563
2030,3498,electricity,43884
2030,3499,electricity,44982
2030,3500,electricity,47497
2030,3501,electricity,48386
2030,3502,electricity,48497
2030,3503,electricity,50542
2030,3504,electricity,54197
2030,3505,electricity,52786
2030,3506,electricity,48922
2030,3507,electricity,47933
2030,3508,electricity,45390
2030,3509,electricity,44182
2030,3510,electricity,45967
2030,3511,electricity,50000
2030,3512,electricity,56224
2030,3513,electricity,59499
2030,3514,electricity,60442
2030,3515,electricity,60413
2030,3516,electricity,60214
2030,3517,electricity,60538
2030,3518,electricity,60109
2030,3519,electricity,58886
2030,3520,electricity,56615
2030,3521,electricity,54691
2030,3522,electricity,53257
2030,3523,electricity,53724
2030,3524,electricity,55510
2030,3525,electricity,53937
2030,3526,electricity,51915
2030,3527,electricity,52627
2030,3528,electricity,55529
2030,3529,electricity,53453
2030,3530,electricity,48973
2030,3531,electricity,47634
2030,3532,electricity,45058
2030,3533,electricity,43487
2030,3534,electricity,44624
2030,3535,electricity,47850
2030,3536,electricity,54148
2030,3537,electricity,58229
2030,3538,electricity,60342
2030,3539,electricity,61376
2030,3540,electricity,62025
2030,3541,electricity,62686
2030,3542,electricity,62612
2030,3543,electricity,62150
2030,3544,electricity,60400
2030,3545,electricity,58837
2030,3546,electricity,57886
2030,3547,electricity,58133
2030,3548,electricity,59657
2030,3549,electricity,57286
2030,3550,electricity,54801
2030,3551,electricity,55219
2030,3552,electricity,58066
2030,3553,electricity,56168
2030,3554,electricity,51628
2030,3555,electricity,50461
2030,3556,electricity,47785
2030,3557,electricity,46380
2030,3558,electricity,47589
2030,3559,electricity,50747
2030,3560,electricity,56470
2030,3561,electricity,60450
2030,3562,electricity,62705
2030,3563,electricity,63460
2030,3564,electricity,63737
2030,3565,electricity,64192
2030,3566,electricity,63751
2030,3567,electricity,62597
2030,3568,electricity,60498
2030,3569,electricity,58608
2030,3570,electricity,57470
2030,3571,electricity,57803
2030,3572,electricity,59470
2030,3573,electricity,57373
2030,3574,electricity,55404
2030,3575,electricity,55770
2030,3576,electricity,58501
2030,3577,electricity,56539
2030,3578,electricity,52012
2030,3579,electricity,50947
2030,3580,electricity,48246
2030,3581,electricity,46618
2030,3582,electricity,47549
2030,3583,electricity,50825
2030,3584,electricity,57170
2030,3585,electricity,61185
2030,3586,electricity,63223
2030,3587,electricity,64129
2030,3588,electricity,64524
2030,3589,electricity,64914
2030,3590,electricity,64408
2030,3591,electricity,63379
2030,3592,electricity,61280
2030,3593,electricity,59648
2030,3594,electricity,58404
2030,3595,electricity,58878
2030,3596,electricity,60648
2030,3597,electricity,58160
2030,3598,electricity,55530
2030,3599,electricity,55686
2030,3600,electricity,58361
2030,3601,electricity,56363
2030,3602,electricity,51839
2030,3603,electricity,50401
2030,3604,electricity,47674
2030,3605,electricity,45977
2030,3606,electricity,46886
2030,3607,electricity,50164
2030,3608,electricity,56324
2030,3609,electricity,60421
2030,3610,electricity,62463
2030,3611,electricity,62922
2030,3612,electricity,63274
2030,3613,electricity,63468
2030,3614,electricity,62877
2030,3615,electricity,61452
2030,3616,electricity,59350
2030,3617,electricity,57340
2030,3618,electricity,55977
2030,3619,electricity,56127
2030,3620,electricity,56701
2030,3621,electricity,54621
2030,3622,electricity,52554
2030,3623,electricity,53391
2030,3624,electricity,56697
2030,3625,electricity,54352
2030,3626,electricity,49577
2030,3627,electricity,47909
2030,3628,electricity,44772
2030,3629,electricity,42784
2030,3630,electricity,42275
2030,3631,electricity,42411
2030,3632,electricity,44194
2030,3633,electricity,46872
2030,3634,electricity,50157
2030,3635,electricity,51705
2030,3636,electricity,52260
2030,3637,electricity,53313
2030,3638,electricity,53302
2030,3639,electricity,50860
2030,3640,electricity,48545
2030,3641,electricity,46751
2030,3642,electricity,45702
2030,3643,electricity,46496
2030,3644,electricity,47664
2030,3645,electricity,46542
2030,3646,electricity,45484
2030,3647,electricity,47518
2030,3648,electricity,51616
2030,3649,electricity,50401
2030,3650,electricity,46176
2030,3651,electricity,44567
2030,3652,electricity,41292
2030,3653,electricity,38962
2030,3654,electricity,38143
2030,3655,electricity,37315
2030,3656,electricity,38039
2030,3657,electricity,39956
2030,3658,electricity,42832
2030,3659,electricity,45007
2030,3660,electricity,46438
2030,3661,electricity,47978
2030,3662,electricity,48205
2030,3663,electricity,45226
2030,3664,electricity,42782
2030,3665,electricity,41092
2030,3666,electricity,40654
2030,3667,electricity,41840
2030,3668,electricity,44348
2030,3669,electricity,44940
2030,3670,electricity,44752
2030,3671,electricity,46465
2030,3672,electricity,50191
2030,3673,electricity,48563
2030,3674,electricity,44727
2030,3675,electricity,43616
2030,3676,electricity,41151
2030,3677,electricity,39936
2030,3678,electricity,41517
2030,3679,electricity,45019
2030,3680,electricity,51400
2030,3681,electricity,55456
2030,3682,electricity,57065
2030,3683,electricity,57671
2030,3684,electricity,57899
2030,3685,electricity,58415
2030,3686,electricity,58213
2030,3687,electricity,57271
2030,3688,electricity,55295
2030,3689,electricity,53624
2030,3690,electricity,52175
2030,3691,electricity,52440
2030,3692,electricity,53975
2030,3693,electricity,51977
2030,3694,electricity,49670
2030,3695,electricity,50578
2030,3696,electricity,53903
2030,3697,electricity,51876
2030,3698,electricity,47378
2030,3699,electricity,46175
2030,3700,electricity,43609
2030,3701,electricity,42131
2030,3702,electricity,43146
2030,3703,electricity,46318
2030,3704,electricity,52332
2030,3705,electricity,55942
2030,3706,electricity,57382
2030,3707,electricity,57744
2030,3708,electricity,58026
2030,3709,electricity,58323
2030,3710,electricity,57913
2030,3711,electricity,56950
2030,3712,electricity,55336
2030,3713,electricity,53743
2030,3714,electricity,52331
2030,3715,electricity,52182
2030,3716,electricity,53371
2030,3717,electricity,51148
2030,3718,electricity,48988
2030,3719,electricity,50060
2030,3720,electricity,53262
2030,3721,electricity,51229
2030,3722,electricity,46646
2030,3723,electricity,45295
2030,3724,electricity,42597
2030,3725,electricity,41188
2030,3726,electricity,42117
2030,3727,electricity,44809
2030,3728,electricity,50198
2030,3729,electricity,54189
2030,3730,electricity,56380
2030,3731,electricity,56991
2030,3732,electricity,57479
2030,3733,electricity,58105
2030,3734,electricity,57727
2030,3735,electricity,57201
2030,3736,electricity,55535
2030,3737,electricity,53956
2030,3738,electricity,52800
2030,3739,electricity,52586
2030,3740,electricity,53615
2030,3741,electricity,51331
2030,3742,electricity,48892
2030,3743,electricity,49851
2030,3744,electricity,53097
2030,3745,electricity,50999
2030,3746,electricity,46280
2030,3747,electricity,44875
2030,3748,electricity,42159
2030,3749,electricity,40372
2030,3750,electricity,41111
2030,3751,electricity,43659
2030,3752,electricity,49518
2030,3753,electricity,53412
2030,3754,electricity,55402
2030,3755,electricity,56309
2030,3756,electricity,56900
2030,3757,electricity,57676
2030,3758,electricity,57710
2030,3759,electricity,57192
2030,3760,electricity,55738
2030,3761,electricity,54238
2030,3762,electricity,53001
2030,3763,electricity,53082
2030,3764,electricity,53680
2030,3765,electricity,51129
2030,3766,electricity,48455
2030,3767,electricity,49375
2030,3768,electricity,52697
2030,3769,electricity,50346
2030,3770,electricity,45510
2030,3771,electricity,43989
2030,3772,electricity,41288
2030,3773,electricity,39707
2030,3774,electricity,40423
2030,3775,electricity,42812
2030,3776,electricity,48567
2030,3777,electricity,52579
2030,3778,electricity,54809
2030,3779,electricity,55969
2030,3780,electricity,56446
2030,3781,electricity,57342
2030,3782,electricity,57351
2030,3783,electricity,56341
2030,3784,electricity,54786
2030,3785,electricity,52976
2030,3786,electricity,51932
2030,3787,electricity,51639
2030,3788,electricity,51544
2030,3789,electricity,49095
2030,3790,electricity,46962
2030,3791,electricity,48306
2030,3792,electricity,51860
2030,3793,electricity,49291
2030,3794,electricity,44242
2030,3795,electricity,42367
2030,3796,electricity,39191
2030,3797,electricity,37154
2030,3798,electricity,36748
2030,3799,electricity,36430
2030,3800,electricity,38237
2030,3801,electricity,41396
2030,3802,electricity,44796
2030,3803,electricity,47014
2030,3804,electricity,47962
2030,3805,electricity,49606
2030,3806,electricity,50094
2030,3807,electricity,48027
2030,3808,electricity,46345
2030,3809,electricity,44746
2030,3810,electricity,44048
2030,3811,electricity,44549
2030,3812,electricity,45543
2030,3813,electricity,44272
2030,3814,electricity,42820
2030,3815,electricity,44173
2030,3816,electricity,48229
2030,3817,electricity,46638
2030,3818,electricity,42216
2030,3819,electricity,40476
2030,3820,electricity,37313
2030,3821,electricity,35213
2030,3822,electricity,34431
2030,3823,electricity,33485
2030,3824,electricity,34001
2030,3825,electricity,35968
2030,3826,electricity,39151
2030,3827,electricity,41982
2030,3828,electricity,44051
2030,3829,electricity,46251
2030,3830,electricity,46650
2030,3831,electricity,43791
2030,3832,electricity,41963
2030,3833,electricity,40556
2030,3834,electricity,40098
2030,3835,electricity,41249
2030,3836,electricity,43616
2030,3837,electricity,44018
2030,3838,electricity,43306
2030,3839,electricity,44622
2030,3840,electricity,47882
2030,3841,electricity,46076
2030,3842,electricity,41840
2030,3843,electricity,40532
2030,3844,electricity,37968
2030,3845,electricity,36703
2030,3846,electricity,38152
2030,3847,electricity,41441
2030,3848,electricity,47611
2030,3849,electricity,52109
2030,3850,electricity,54562
2030,3851,electricity,55717
2030,3852,electricity,56405
2030,3853,electricity,57231
2030,3854,electricity,57034
2030,3855,electricity,56253
2030,3856,electricity,54688
2030,3857,electricity,53088
2030,3858,electricity,51926
2030,3859,electricity,51882
2030,3860,electricity,53226
2030,3861,electricity,50899
2030,3862,electricity,48315
2030,3863,electricity,48733
2030,3864,electricity,52039
2030,3865,electricity,49694
2030,3866,electricity,45017
2030,3867,electricity,43626
2030,3868,electricity,41025
2030,3869,electricity,39743
2030,3870,electricity,40545
2030,3871,electricity,43284
2030,3872,electricity,49271
2030,3873,electricity,53376
2030,3874,electricity,55449
2030,3875,electricity,56430
2030,3876,electricity,57099
2030,3877,electricity,57800
2030,3878,electricity,57486
2030,3879,electricity,56767
2030,3880,electricity,55385
2030,3881,electricity,53788
2030,3882,electricity,52591
2030,3883,electricity,52690
2030,3884,electricity,53703
2030,3885,electricity,51332
2030,3886,electricity,48664
2030,3887,electricity,49237
2030,3888,electricity,52390
2030,3889,electricity,49880
2030,3890,electricity,45220
2030,3891,electricity,43798
2030,3892,electricity,41156
2030,3893,electricity,39600
2030,3894,electricity,40308
2030,3895,electricity,42897
2030,3896,electricity,48205
2030,3897,electricity,52655
2030,3898,electricity,55620
2030,3899,electricity,56933
2030,3900,electricity,57726
2030,3901,electricity,58550
2030,3902,electricity,57825
2030,3903,electricity,57179
2030,3904,electricity,56183
2030,3905,electricity,54778
2030,3906,electricity,53416
2030,3907,electricity,53468
2030,3908,electricity,54351
2030,3909,electricity,51637
2030,3910,electricity,48945
2030,3911,electricity,49500
2030,3912,electricity,52503
2030,3913,electricity,50259
2030,3914,electricity,45529
2030,3915,electricity,44026
2030,3916,electricity,41309
2030,3917,electricity,39790
2030,3918,electricity,40303
2030,3919,electricity,42621
2030,3920,electricity,48199
2030,3921,electricity,52459
2030,3922,electricity,55141
2030,3923,electricity,56567
2030,3924,electricity,57633
2030,3925,electricity,58543
2030,3926,electricity,58275
2030,3927,electricity,57595
2030,3928,electricity,56159
2030,3929,electricity,54672
2030,3930,electricity,53202
2030,3931,electricity,53001
2030,3932,electricity,53727
2030,3933,electricity,51130
2030,3934,electricity,48672
2030,3935,electricity,48754
2030,3936,electricity,52505
2030,3937,electricity,50062
2030,3938,electricity,45270
2030,3939,electricity,43819
2030,3940,electricity,41316
2030,3941,electricity,40094
2030,3942,electricity,40799
2030,3943,electricity,43319
2030,3944,electricity,48969
2030,3945,electricity,53072
2030,3946,electricity,55178
2030,3947,electricity,56365
2030,3948,electricity,56711
2030,3949,electricity,57201
2030,3950,electricity,56902
2030,3951,electricity,55576
2030,3952,electricity,53979
2030,3953,electricity,52136
2030,3954,electricity,50926
2030,3955,electricity,51065
2030,3956,electricity,51123
2030,3957,electricity,48777
2030,3958,electricity,46573
2030,3959,electricity,47824
2030,3960,electricity,51798
2030,3961,electricity,49353
2030,3962,electricity,44440
2030,3963,electricity,42571
2030,3964,electricity,39375
2030,3965,electricity,37417
2030,3966,electricity,36706
2030,3967,electricity,36736
2030,3968,electricity,38570
2030,3969,electricity,41524
2030,3970,electricity,45111
2030,3971,electricity,47201
2030,3972,electricity,48020
2030,3973,electricity,49466
2030,3974,electricity,49855
2030,3975,electricity,47831
2030,3976,electricity,45952
2030,3977,electricity,44318
2030,3978,electricity,43632
2030,3979,electricity,44121
2030,3980,electricity,44890
2030,3981,electricity,43579
2030,3982,electricity,41990
2030,3983,electricity,43694
2030,3984,electricity,48407
2030,3985,electricity,46874
2030,3986,electricity,42393
2030,3987,electricity,40525
2030,3988,electricity,37312
2030,3989,electricity,35284
2030,3990,electricity,34551
2030,3991,electricity,33402
2030,3992,electricity,34212
2030,3993,electricity,36306
2030,3994,electricity,39365
2030,3995,electricity,41950
2030,3996,electricity,43311
2030,3997,electricity,44994
2030,3998,electricity,45374
2030,3999,electricity,42891
2030,4000,electricity,41087
2030,4001,electricity,39766
2030,4002,electricity,39378
2030,4003,electricity,40370
2030,4004,electricity,42372
2030,4005,electricity,42820
2030,4006,electricity,42513
2030,4007,electricity,44197
2030,4008,electricity,48195
2030,4009,electricity,46026
2030,4010,electricity,41622
2030,4011,electricity,40290
2030,4012,electricity,37613
2030,4013,electricity,36402
2030,4014,electricity,37626
2030,4015,electricity,40825
2030,4016,electricity,46655
2030,4017,electricity,51248
2030,4018,electricity,54078
2030,4019,electricity,55797
2030,4020,electricity,56902
2030,4021,electricity,57963
2030,4022,electricity,57806
2030,4023,electricity,57440
2030,4024,electricity,56174
2030,4025,electricity,54908
2030,4026,electricity,53745
2030,4027,electricity,53798
2030,4028,electricity,54607
2030,4029,electricity,52064
2030,4030,electricity,49308
2030,4031,electricity,49314
2030,4032,electricity,52143
2030,4033,electricity,49661
2030,4034,electricity,44880
2030,4035,electricity,43703
2030,4036,electricity,41042
2030,4037,electricity,39765
2030,4038,electricity,40416
2030,4039,electricity,42933
2030,4040,electricity,48722
2030,4041,electricity,53148
2030,4042,electricity,55822
2030,4043,electricity,57379
2030,4044,electricity,58552
2030,4045,electricity,59323
2030,4046,electricity,59038
2030,4047,electricity,58792
2030,4048,electricity,57533
2030,4049,electricity,56099
2030,4050,electricity,54863
2030,4051,electricity,54534
2030,4052,electricity,54562
2030,4053,electricity,52064
2030,4054,electricity,49568
2030,4055,electricity,50077
2030,4056,electricity,53080
2030,4057,electricity,50329
2030,4058,electricity,45301
2030,4059,electricity,43983
2030,4060,electricity,41453
2030,4061,electricity,40141
2030,4062,electricity,40665
2030,4063,electricity,43097
2030,4064,electricity,48251
2030,4065,electricity,52639
2030,4066,electricity,55825
2030,4067,electricity,57641
2030,4068,electricity,58795
2030,4069,electricity,59434
2030,4070,electricity,59166
2030,4071,electricity,58889
2030,4072,electricity,57379
2030,4073,electricity,55873
2030,4074,electricity,54601
2030,4075,electricity,54329
2030,4076,electricity,54918
2030,4077,electricity,52078
2030,4078,electricity,49287
2030,4079,electricity,49521
2030,4080,electricity,52650
2030,4081,electricity,50097
2030,4082,electricity,45216
2030,4083,electricity,43741
2030,4084,electricity,41303
2030,4085,electricity,39983
2030,4086,electricity,40795
2030,4087,electricity,43146
2030,4088,electricity,48714
2030,4089,electricity,52958
2030,4090,electricity,55676
2030,4091,electricity,57084
2030,4092,electricity,58103
2030,4093,electricity,58781
2030,4094,electricity,58249
2030,4095,electricity,57786
2030,4096,electricity,56374
2030,4097,electricity,54959
2030,4098,electricity,53820
2030,4099,electricity,53747
2030,4100,electricity,54421
2030,4101,electricity,51702
2030,4102,electricity,49173
2030,4103,electricity,49135
2030,4104,electricity,52217
2030,4105,electricity,49742
2030,4106,electricity,44997
2030,4107,electricity,43644
2030,4108,electricity,41199
2030,4109,electricity,39820
2030,4110,electricity,40559
2030,4111,electricity,42879
2030,4112,electricity,48399
2030,4113,electricity,52647
2030,4114,electricity,55261
2030,4115,electricity,56619
2030,4116,electricity,57613
2030,4117,electricity,57973
2030,4118,electricity,57341
2030,4119,electricity,56137
2030,4120,electricity,54560
2030,4121,electricity,52918
2030,4122,electricity,51723
2030,4123,electricity,51601
2030,4124,electricity,51465
2030,4125,electricity,48842
2030,4126,electricity,46272
2030,4127,electricity,47238
2030,4128,electricity,51247
2030,4129,electricity,49048
2030,4130,electricity,44038
2030,4131,electricity,42386
2030,4132,electricity,39286
2030,4133,electricity,37346
2030,4134,electricity,36738
2030,4135,electricity,36509
2030,4136,electricity,38186
2030,4137,electricity,41142
2030,4138,electricity,44659
2030,4139,electricity,47149
2030,4140,electricity,48123
2030,4141,electricity,49698
2030,4142,electricity,50162
2030,4143,electricity,47909
2030,4144,electricity,46244
2030,4145,electricity,44715
2030,4146,electricity,44110
2030,4147,electricity,44614
2030,4148,electricity,45384
2030,4149,electricity,44005
2030,4150,electricity,42549
2030,4151,electricity,43835
2030,4152,electricity,48227
2030,4153,electricity,46654
2030,4154,electricity,42183
2030,4155,electricity,40421
2030,4156,electricity,37388
2030,4157,electricity,35336
2030,4158,electricity,34549
2030,4159,electricity,33467
2030,4160,electricity,34065
2030,4161,electricity,36164
2030,4162,electricity,39382
2030,4163,electricity,42245
2030,4164,electricity,44205
2030,4165,electricity,46206
2030,4166,electricity,46558
2030,4167,electricity,43834
2030,4168,electricity,41886
2030,4169,electricity,40451
2030,4170,electricity,39943
2030,4171,electricity,41091
2030,4172,electricity,43168
2030,4173,electricity,43540
2030,4174,electricity,43078
2030,4175,electricity,44330
2030,4176,electricity,47948
2030,4177,electricity,46050
2030,4178,electricity,41798
2030,4179,electricity,40401
2030,4180,electricity,37902
2030,4181,electricity,36770
2030,4182,electricity,38151
2030,4183,electricity,41233
2030,4184,electricity,47120
2030,4185,electricity,51664
2030,4186,electricity,54101
2030,4187,electricity,55632
2030,4188,electricity,56495
2030,4189,electricity,57284
2030,4190,electricity,56970
2030,4191,electricity,56363
2030,4192,electricity,54817
2030,4193,electricity,53287
2030,4194,electricity,51951
2030,4195,electricity,51982
2030,4196,electricity,53105
2030,4197,electricity,50763
2030,4198,electricity,48049
2030,4199,electricity,48455
2030,4200,electricity,52148
2030,4201,electricity,49758
2030,4202,electricity,45204
2030,4203,electricity,43922
2030,4204,electricity,41532
2030,4205,electricity,40163
2030,4206,electricity,41001
2030,4207,electricity,43609
2030,4208,electricity,49132
2030,4209,electricity,53106
2030,4210,electricity,55188
2030,4211,electricity,56196
2030,4212,electricity,57002
2030,4213,electricity,57663
2030,4214,electricity,57461
2030,4215,electricity,56752
2030,4216,electricity,55242
2030,4217,electricity,53636
2030,4218,electricity,52327
2030,4219,electricity,52311
2030,4220,electricity,52931
2030,4221,electricity,50884
2030,4222,electricity,48191
2030,4223,electricity,48957
2030,4224,electricity,52559
2030,4225,electricity,50022
2030,4226,electricity,45259
2030,4227,electricity,43951
2030,4228,electricity,41309
2030,4229,electricity,40162
2030,4230,electricity,41010
2030,4231,electricity,43499
2030,4232,electricity,48525
2030,4233,electricity,52682
2030,4234,electricity,55241
2030,4235,electricity,56175
2030,4236,electricity,56957
2030,4237,electricity,57829
2030,4238,electricity,57550
2030,4239,electricity,56827
2030,4240,electricity,55338
2030,4241,electricity,53760
2030,4242,electricity,52329
2030,4243,electricity,52197
2030,4244,electricity,53105
2030,4245,electricity,51058
2030,4246,electricity,48540
2030,4247,electricity,49060
2030,4248,electricity,52638
2030,4249,electricity,50442
2030,4250,electricity,45575
2030,4251,electricity,44238
2030,4252,electricity,41601
2030,4253,electricity,40198
2030,4254,electricity,41036
2030,4255,electricity,43535
2030,4256,electricity,48881
2030,4257,electricity,53097
2030,4258,electricity,55525
2030,4259,electricity,56785
2030,4260,electricity,57429
2030,4261,electricity,57934
2030,4262,electricity,57673
2030,4263,electricity,56956
2030,4264,electricity,55411
2030,4265,electricity,53899
2030,4266,electricity,52634
2030,4267,electricity,52466
2030,4268,electricity,53200
2030,4269,electricity,50767
2030,4270,electricity,48513
2030,4271,electricity,49227
2030,4272,electricity,52553
2030,4273,electricity,50151
2030,4274,electricity,45461
2030,4275,electricity,44201
2030,4276,electricity,41554
2030,4277,electricity,40030
2030,4278,electricity,40788
2030,4279,electricity,43134
2030,4280,electricity,48447
2030,4281,electricity,52626
2030,4282,electricity,55255
2030,4283,electricity,56700
2030,4284,electricity,57387
2030,4285,electricity,57726
2030,4286,electricity,57420
2030,4287,electricity,56202
2030,4288,electricity,54558
2030,4289,electricity,52759
2030,4290,electricity,51544
2030,4291,electricity,51626
2030,4292,electricity,51915
2030,4293,electricity,49935
2030,4294,electricity,47858
2030,4295,electricity,48558
2030,4296,electricity,51936
2030,4297,electricity,49632
2030,4298,electricity,44662
2030,4299,electricity,42910
2030,4300,electricity,39778
2030,4301,electricity,37736
2030,4302,electricity,37461
2030,4303,electricity,37437
2030,4304,electricity,38925
2030,4305,electricity,42176
2030,4306,electricity,45924
2030,4307,electricity,48176
2030,4308,electricity,49092
2030,4309,electricity,50551
2030,4310,electricity,50852
2030,4311,electricity,48684
2030,4312,electricity,46607
2030,4313,electricity,44918
2030,4314,electricity,44011
2030,4315,electricity,44459
2030,4316,electricity,45330
2030,4317,electricity,43917
2030,4318,electricity,42388
2030,4319,electricity,43792
2030,4320,electricity,48586
2030,4321,electricity,47141
2030,4322,electricity,42547
2030,4323,electricity,40732
2030,4324,electricity,37488
2030,4325,electricity,35465
2030,4326,electricity,34685
2030,4327,electricity,33709
2030,4328,electricity,34287
2030,4329,electricity,36394
2030,4330,electricity,39575
2030,4331,electricity,42260
2030,4332,electricity,43972
2030,4333,electricity,45592
2030,4334,electricity,45915
2030,4335,electricity,43337
2030,4336,electricity,41489
2030,4337,electricity,40150
2030,4338,electricity,39631
2030,4339,electricity,40665
2030,4340,electricity,42480
2030,4341,electricity,42770
2030,4342,electricity,42401
2030,4343,electricity,44158
2030,4344,electricity,48335
2030,4345,electricity,46171
2030,4346,electricity,41747
2030,4347,electricity,40211
2030,4348,electricity,37565
2030,4349,electricity,36312
2030,4350,electricity,37748
2030,4351,electricity,40609
2030,4352,electricity,46028
2030,4353,electricity,50600
2030,4354,electricity,53319
2030,4355,electricity,55078
2030,4356,electricity,56163
2030,4357,electricity,57073
2030,4358,electricity,57071
2030,4359,electricity,56978
2030,4360,electricity,55436
2030,4361,electricity,54049
2030,4362,electricity,52590
2030,4363,electricity,52320
2030,4364,electricity,53099
2030,4365,electricity,50866
2030,4366,electricity,48329
2030,4367,electricity,48993
2030,4368,electricity,52511
2030,4369,electricity,49803
2030,4370,electricity,45054
2030,4371,electricity,43556
2030,4372,electricity,40956
2030,4373,electricity,39577
2030,4374,electricity,40340
2030,4375,electricity,42636
2030,4376,electricity,47789
2030,4377,electricity,52168
2030,4378,electricity,54831
2030,4379,electricity,56164
2030,4380,electricity,57438
2030,4381,electricity,58359
2030,4382,electricity,58027
2030,4383,electricity,57733
2030,4384,electricity,56650
2030,4385,electricity,55111
2030,4386,electricity,53865
2030,4387,electricity,53710
2030,4388,electricity,54157
2030,4389,electricity,51702
2030,4390,electricity,49065
2030,4391,electricity,49714
2030,4392,electricity,52628
2030,4393,electricity,49928
2030,4394,electricity,45295
2030,4395,electricity,43695
2030,4396,electricity,41172
2030,4397,electricity,40012
2030,4398,electricity,40849
2030,4399,electricity,43183
2030,4400,electricity,47745
2030,4401,electricity,52355
2030,4402,electricity,55528
2030,4403,electricity,57316
2030,4404,electricity,58306
2030,4405,electricity,59154
2030,4406,electricity,58555
2030,4407,electricity,58076
2030,4408,electricity,56582
2030,4409,electricity,55290
2030,4410,electricity,53954
2030,4411,electricity,53573
2030,4412,electricity,54535
2030,4413,electricity,52092
2030,4414,electricity,49348
2030,4415,electricity,49421
2030,4416,electricity,52692
2030,4417,electricity,50287
2030,4418,electricity,45535
2030,4419,electricity,44121
2030,4420,electricity,41467
2030,4421,electricity,39913
2030,4422,electricity,40740
2030,4423,electricity,43160
2030,4424,electricity,48456
2030,4425,electricity,52805
2030,4426,electricity,55500
2030,4427,electricity,56859
2030,4428,electricity,57861
2030,4429,electricity,58403
2030,4430,electricity,58258
2030,4431,electricity,57738
2030,4432,electricity,56428
2030,4433,electricity,54924
2030,4434,electricity,53762
2030,4435,electricity,53485
2030,4436,electricity,54133
2030,4437,electricity,51627
2030,4438,electricity,48854
2030,4439,electricity,49551
2030,4440,electricity,52999
2030,4441,electricity,50410
2030,4442,electricity,45509
2030,4443,electricity,44078
2030,4444,electricity,41402
2030,4445,electricity,40140
2030,4446,electricity,40828
2030,4447,electricity,43068
2030,4448,electricity,47995
2030,4449,electricity,52515
2030,4450,electricity,55238
2030,4451,electricity,56698
2030,4452,electricity,57489
2030,4453,electricity,58138
2030,4454,electricity,58021
2030,4455,electricity,57257
2030,4456,electricity,55856
2030,4457,electricity,54001
2030,4458,electricity,52773
2030,4459,electricity,52612
2030,4460,electricity,52366
2030,4461,electricity,49690
2030,4462,electricity,47414
2030,4463,electricity,48613
2030,4464,electricity,52647
2030,4465,electricity,49897
2030,4466,electricity,44860
2030,4467,electricity,42896
2030,4468,electricity,39716
2030,4469,electricity,37890
2030,4470,electricity,37324
2030,4471,electricity,37116
2030,4472,electricity,38751
2030,4473,electricity,41709
2030,4474,electricity,45374
2030,4475,electricity,47873
2030,4476,electricity,48968
2030,4477,electricity,50239
2030,4478,electricity,50688
2030,4479,electricity,48909
2030,4480,electricity,47511
2030,4481,electricity,46135
2030,4482,electricity,45470
2030,4483,electricity,45905
2030,4484,electricity,46303
2030,4485,electricity,44610
2030,4486,electricity,42974
2030,4487,electricity,44630
2030,4488,electricity,49175
2030,4489,electricity,47231
2030,4490,electricity,42511
2030,4491,electricity,40890
2030,4492,electricity,37504
2030,4493,electricity,35541
2030,4494,electricity,34838
2030,4495,electricity,33775
2030,4496,electricity,34289
2030,4497,electricity,36464
2030,4498,electricity,39639
2030,4499,electricity,42216
2030,4500,electricity,44007
2030,4501,electricity,45640
2030,4502,electricity,46057
2030,4503,electricity,43800
2030,4504,electricity,42313
2030,4505,electricity,41182
2030,4506,electricity,40869
2030,4507,electricity,41699
2030,4508,electricity,43474
2030,4509,electricity,43824
2030,4510,electricity,43551
2030,4511,electricity,45397
2030,4512,electricity,49290
2030,4513,electricity,46528
2030,4514,electricity,41779
2030,4515,electricity,40322
2030,4516,electricity,37834
2030,4517,electricity,36735
2030,4518,electricity,38245
2030,4519,electricity,40895
2030,4520,electricity,45749
2030,4521,electricity,50477
2030,4522,electricity,54071
2030,4523,electricity,56288
2030,4524,electricity,57774
2030,4525,electricity,58887
2030,4526,electricity,59040
2030,4527,electricity,59101
2030,4528,electricity,57969
2030,4529,electricity,56539
2030,4530,electricity,55091
2030,4531,electricity,54598
2030,4532,electricity,54907
2030,4533,electricity,52575
2030,4534,electricity,49885
2030,4535,electricity,50686
2030,4536,electricity,54179
2030,4537,electricity,50863
2030,4538,electricity,45876
2030,4539,electricity,44479
2030,4540,electricity,41871
2030,4541,electricity,40546
2030,4542,electricity,41342
2030,4543,electricity,43414
2030,4544,electricity,47654
2030,4545,electricity,52139
2030,4546,electricity,55585
2030,4547,electricity,57619
2030,4548,electricity,58998
2030,4549,electricity,60039
2030,4550,electricity,59996
2030,4551,electricity,60113
2030,4552,electricity,58998
2030,4553,electricity,57679
2030,4554,electricity,56425
2030,4555,electricity,55702
2030,4556,electricity,55504
2030,4557,electricity,52975
2030,4558,electricity,50555
2030,4559,electricity,51226
2030,4560,electricity,54587
2030,4561,electricity,51335
2030,4562,electricity,46159
2030,4563,electricity,44827
2030,4564,electricity,42326
2030,4565,electricity,41084
2030,4566,electricity,41776
2030,4567,electricity,43946
2030,4568,electricity,47825
2030,4569,electricity,52227
2030,4570,electricity,55636
2030,4571,electricity,57761
2030,4572,electricity,59128
2030,4573,electricity,60080
2030,4574,electricity,60061
2030,4575,electricity,60137
2030,4576,electricity,59114
2030,4577,electricity,57847
2030,4578,electricity,56387
2030,4579,electricity,55872
2030,4580,electricity,55786
2030,4581,electricity,53216
2030,4582,electricity,50769
2030,4583,electricity,51330
2030,4584,electricity,54511
2030,4585,electricity,51425
2030,4586,electricity,46436
2030,4587,electricity,44984
2030,4588,electricity,42463
2030,4589,electricity,41153
2030,4590,electricity,41976
2030,4591,electricity,43945
2030,4592,electricity,48048
2030,4593,electricity,52252
2030,4594,electricity,55353
2030,4595,electricity,56999
2030,4596,electricity,58109
2030,4597,electricity,58934
2030,4598,electricity,58840
2030,4599,electricity,58715
2030,4600,electricity,57718
2030,4601,electricity,56458
2030,4602,electricity,55158
2030,4603,electricity,54771
2030,4604,electricity,54737
2030,4605,electricity,52379
2030,4606,electricity,50202
2030,4607,electricity,50930
2030,4608,electricity,54018
2030,4609,electricity,50909
2030,4610,electricity,45954
2030,4611,electricity,44612
2030,4612,electricity,42010
2030,4613,electricity,40846
2030,4614,electricity,41501
2030,4615,electricity,43572
2030,4616,electricity,47554
2030,4617,electricity,51795
2030,4618,electricity,54871
2030,4619,electricity,56830
2030,4620,electricity,57812
2030,4621,electricity,58475
2030,4622,electricity,58479
2030,4623,electricity,57955
2030,4624,electricity,56642
2030,4625,electricity,55252
2030,4626,electricity,54012
2030,4627,electricity,53707
2030,4628,electricity,53450
2030,4629,electricity,50789
2030,4630,electricity,48856
2030,4631,electricity,49995
2030,4632,electricity,53398
2030,4633,electricity,50086
2030,4634,electricity,45228
2030,4635,electricity,43523
2030,4636,electricity,40501
2030,4637,electricity,38798
2030,4638,electricity,38452
2030,4639,electricity,38038
2030,4640,electricity,39416
2030,4641,electricity,42034
2030,4642,electricity,45441
2030,4643,electricity,47715
2030,4644,electricity,48854
2030,4645,electricity,50458
2030,4646,electricity,50814
2030,4647,electricity,49047
2030,4648,electricity,47772
2030,4649,electricity,46673
2030,4650,electricity,45959
2030,4651,electricity,46361
2030,4652,electricity,46836
2030,4653,electricity,45107
2030,4654,electricity,43648
2030,4655,electricity,45017
2030,4656,electricity,48654
2030,4657,electricity,46850
2030,4658,electricity,42603
2030,4659,electricity,41014
2030,4660,electricity,38085
2030,4661,electricity,36220
2030,4662,electricity,35426
2030,4663,electricity,34251
2030,4664,electricity,34504
2030,4665,electricity,36476
2030,4666,electricity,39550
2030,4667,electricity,42094
2030,4668,electricity,43667
2030,4669,electricity,45331
2030,4670,electricity,45894
2030,4671,electricity,43868
2030,4672,electricity,42360
2030,4673,electricity,41352
2030,4674,electricity,41043
2030,4675,electricity,41965
2030,4676,electricity,43521
2030,4677,electricity,43843
2030,4678,electricity,43539
2030,4679,electricity,45150
2030,4680,electricity,48537
2030,4681,electricity,46605
2030,4682,electricity,42082
2030,4683,electricity,40576
2030,4684,electricity,38102
2030,4685,electricity,37217
2030,4686,electricity,38774
2030,4687,electricity,41263
2030,4688,electricity,45311
2030,4689,electricity,49862
2030,4690,electricity,53491
2030,4691,electricity,55756
2030,4692,electricity,57342
2030,4693,electricity,58432
2030,4694,electricity,58573
2030,4695,electricity,58650
2030,4696,electricity,57517
2030,4697,electricity,56296
2030,4698,electricity,54946
2030,4699,electricity,54474
2030,4700,electricity,54832
2030,4701,electricity,52581
2030,4702,electricity,50337
2030,4703,electricity,51404
2030,4704,electricity,54146
2030,4705,electricity,50732
2030,4706,electricity,45910
2030,4707,electricity,44598
2030,4708,electricity,42075
2030,4709,electricity,40879
2030,4710,electricity,41696
2030,4711,electricity,43654
2030,4712,electricity,47387
2030,4713,electricity,51616
2030,4714,electricity,55198
2030,4715,electricity,57393
2030,4716,electricity,58875
2030,4717,electricity,59700
2030,4718,electricity,59470
2030,4719,electricity,59559
2030,4720,electricity,58658
2030,4721,electricity,57481
2030,4722,electricity,55964
2030,4723,electricity,55402
2030,4724,electricity,55382
2030,4725,electricity,52776
2030,4726,electricity,50526
2030,4727,electricity,51424
2030,4728,electricity,54160
2030,4729,electricity,50861
2030,4730,electricity,45916
2030,4731,electricity,44598
2030,4732,electricity,42178
2030,4733,electricity,40885
2030,4734,electricity,41923
2030,4735,electricity,43885
2030,4736,electricity,47501
2030,4737,electricity,51918
2030,4738,electricity,55253
2030,4739,electricity,57464
2030,4740,electricity,58971
2030,4741,electricity,59883
2030,4742,electricity,59810
2030,4743,electricity,59843
2030,4744,electricity,58756
2030,4745,electricity,57337
2030,4746,electricity,56034
2030,4747,electricity,55409
2030,4748,electricity,55435
2030,4749,electricity,52789
2030,4750,electricity,50364
2030,4751,electricity,51280
2030,4752,electricity,54133
2030,4753,electricity,50990
2030,4754,electricity,46101
2030,4755,electricity,44918
2030,4756,electricity,42328
2030,4757,electricity,41132
2030,4758,electricity,41937
2030,4759,electricity,44166
2030,4760,electricity,47836
2030,4761,electricity,52042
2030,4762,electricity,55185
2030,4763,electricity,57465
2030,4764,electricity,58802
2030,4765,electricity,59733
2030,4766,electricity,59504
2030,4767,electricity,59647
2030,4768,electricity,58453
2030,4769,electricity,57152
2030,4770,electricity,55659
2030,4771,electricity,55109
2030,4772,electricity,55135
2030,4773,electricity,52621
2030,4774,electricity,50342
2030,4775,electricity,50975
2030,4776,electricity,53843
2030,4777,electricity,50770
2030,4778,electricity,45897
2030,4779,electricity,44567
2030,4780,electricity,41929
2030,4781,electricity,40918
2030,4782,electricity,41677
2030,4783,electricity,43910
2030,4784,electricity,47446
2030,4785,electricity,51639
2030,4786,electricity,54854
2030,4787,electricity,57071
2030,4788,electricity,58132
2030,4789,electricity,59021
2030,4790,electricity,58881
2030,4791,electricity,58545
2030,4792,electricity,57343
2030,4793,electricity,55873
2030,4794,electricity,54600
2030,4795,electricity,54431
2030,4796,electricity,53934
2030,4797,electricity,51267
2030,4798,electricity,49192
2030,4799,electricity,50258
2030,4800,electricity,53186
2030,4801,electricity,50076
2030,4802,electricity,44948
2030,4803,electricity,43485
2030,4804,electricity,40636
2030,4805,electricity,38894
2030,4806,electricity,38565
2030,4807,electricity,38345
2030,4808,electricity,39473
2030,4809,electricity,42231
2030,4810,electricity,45671
2030,4811,electricity,48158
2030,4812,electricity,49437
2030,4813,electricity,50812
2030,4814,electricity,51026
2030,4815,electricity,49624
2030,4816,electricity,48324
2030,4817,electricity,47361
2030,4818,electricity,46830
2030,4819,electricity,47184
2030,4820,electricity,47533
2030,4821,electricity,46014
2030,4822,electricity,44671
2030,4823,electricity,46279
2030,4824,electricity,49736
2030,4825,electricity,46909
2030,4826,electricity,42675
2030,4827,electricity,41265
2030,4828,electricity,38386
2030,4829,electricity,36658
2030,4830,electricity,35840
2030,4831,electricity,34988
2030,4832,electricity,35222
2030,4833,electricity,37175
2030,4834,electricity,40277
2030,4835,electricity,42815
2030,4836,electricity,44530
2030,4837,electricity,46263
2030,4838,electricity,46896
2030,4839,electricity,44907
2030,4840,electricity,43683
2030,4841,electricity,42832
2030,4842,electricity,42530
2030,4843,electricity,43458
2030,4844,electricity,44795
2030,4845,electricity,45111
2030,4846,electricity,45210
2030,4847,electricity,47090
2030,4848,electricity,50160
2030,4849,electricity,47275
2030,4850,electricity,42502
2030,4851,electricity,41331
2030,4852,electricity,38953
2030,4853,electricity,38146
2030,4854,electricity,39538
2030,4855,electricity,42161
2030,4856,electricity,46110
2030,4857,electricity,50756
2030,4858,electricity,54573
2030,4859,electricity,57153
2030,4860,electricity,58730
2030,4861,electricity,59831
2030,4862,electricity,59906
2030,4863,electricity,60049
2030,4864,electricity,58778
2030,4865,electricity,57704
2030,4866,electricity,56339
2030,4867,electricity,55969
2030,4868,electricity,55968
2030,4869,electricity,53807
2030,4870,electricity,51208
2030,4871,electricity,51798
2030,4872,electricity,54451
2030,4873,electricity,50890
2030,4874,electricity,46141
2030,4875,electricity,45017
2030,4876,electricity,42663
2030,4877,electricity,41513
2030,4878,electricity,42394
2030,4879,electricity,44511
2030,4880,electricity,47819
2030,4881,electricity,52001
2030,4882,electricity,55575
2030,4883,electricity,58081
2030,4884,electricity,59611
2030,4885,electricity,60492
2030,4886,electricity,60350
2030,4887,electricity,60281
2030,4888,electricity,59068
2030,4889,electricity,57895
2030,4890,electricity,56594
2030,4891,electricity,55919
2030,4892,electricity,55746
2030,4893,electricity,53187
2030,4894,electricity,50880
2030,4895,electricity,51488
2030,4896,electricity,53953
2030,4897,electricity,50600
2030,4898,electricity,45693
2030,4899,electricity,44579
2030,4900,electricity,42159
2030,4901,electricity,41128
2030,4902,electricity,41929
2030,4903,electricity,44107
2030,4904,electricity,47479
2030,4905,electricity,51449
2030,4906,electricity,55031
2030,4907,electricity,57366
2030,4908,electricity,58696
2030,4909,electricity,59777
2030,4910,electricity,59577
2030,4911,electricity,59427
2030,4912,electricity,58479
2030,4913,electricity,57255
2030,4914,electricity,56210
2030,4915,electricity,55639
2030,4916,electricity,55735
2030,4917,electricity,53345
2030,4918,electricity,51046
2030,4919,electricity,51925
2030,4920,electricity,54496
2030,4921,electricity,51124
2030,4922,electricity,46326
2030,4923,electricity,45034
2030,4924,electricity,42575
2030,4925,electricity,41466
2030,4926,electricity,42349
2030,4927,electricity,44432
2030,4928,electricity,47866
2030,4929,electricity,52054
2030,4930,electricity,55572
2030,4931,electricity,57841
2030,4932,electricity,59318
2030,4933,electricity,60257
2030,4934,electricity,60114
2030,4935,electricity,60014
2030,4936,electricity,59001
2030,4937,electricity,57845
2030,4938,electricity,56657
2030,4939,electricity,56286
2030,4940,electricity,56084
2030,4941,electricity,53587
2030,4942,electricity,51433
2030,4943,electricity,52518
2030,4944,electricity,54856
2030,4945,electricity,51246
2030,4946,electricity,46297
2030,4947,electricity,45011
2030,4948,electricity,42486
2030,4949,electricity,41256
2030,4950,electricity,42213
2030,4951,electricity,44381
2030,4952,electricity,47557
2030,4953,electricity,51620
2030,4954,electricity,55161
2030,4955,electricity,57368
2030,4956,electricity,58517
2030,4957,electricity,59249
2030,4958,electricity,58585
2030,4959,electricity,57975
2030,4960,electricity,57055
2030,4961,electricity,55520
2030,4962,electricity,54292
2030,4963,electricity,54140
2030,4964,electricity,53789
2030,4965,electricity,51323
2030,4966,electricity,49458
2030,4967,electricity,50571
2030,4968,electricity,52914
2030,4969,electricity,49384
2030,4970,electricity,44439
2030,4971,electricity,42693
2030,4972,electricity,39898
2030,4973,electricity,38212
2030,4974,electricity,37910
2030,4975,electricity,38129
2030,4976,electricity,38793
2030,4977,electricity,41321
2030,4978,electricity,44669
2030,4979,electricity,47233
2030,4980,electricity,48632
2030,4981,electricity,50363
2030,4982,electricity,50816
2030,4983,electricity,49394
2030,4984,electricity,48173
2030,4985,electricity,47034
2030,4986,electricity,46261
2030,4987,electricity,46740
2030,4988,electricity,46891
2030,4989,electricity,45435
2030,4990,electricity,44210
2030,4991,electricity,45559
2030,4992,electricity,48298
2030,4993,electricity,45486
2030,4994,electricity,41301
2030,4995,electricity,39855
2030,4996,electricity,37294
2030,4997,electricity,35696
2030,4998,electricity,35113
2030,4999,electricity,34654
2030,5000,electricity,34490
2030,5001,electricity,36338
2030,5002,electricity,39110
2030,5003,electricity,41644
2030,5004,electricity,43222
2030,5005,electricity,45151
2030,5006,electricity,45450
2030,5007,electricity,43303
2030,5008,electricity,41864
2030,5009,electricity,40871
2030,5010,electricity,40461
2030,5011,electricity,41275
2030,5012,electricity,42796
2030,5013,electricity,43062
2030,5014,electricity,43165
2030,5015,electricity,44637
2030,5016,electricity,47386
2030,5017,electricity,44345
2030,5018,electricity,40001
2030,5019,electricity,38726
2030,5020,electricity,36604
2030,5021,electricity,35752
2030,5022,electricity,36850
2030,5023,electricity,39467
2030,5024,electricity,42560
2030,5025,electricity,46628
2030,5026,electricity,49966
2030,5027,electricity,52018
2030,5028,electricity,53435
2030,5029,electricity,54505
2030,5030,electricity,54334
2030,5031,electricity,53973
2030,5032,electricity,52817
2030,5033,electricity,51489
2030,5034,electricity,50346
2030,5035,electricity,50117
2030,5036,electricity,50626
2030,5037,electricity,48615
2030,5038,electricity,46692
2030,5039,electricity,47677
2030,5040,electricity,50027
2030,5041,electricity,46871
2030,5042,electricity,42400
2030,5043,electricity,41216
2030,5044,electricity,38828
2030,5045,electricity,37800
2030,5046,electricity,38663
2030,5047,electricity,40832
2030,5048,electricity,43767
2030,5049,electricity,47741
2030,5050,electricity,51149
2030,5051,electricity,53032
2030,5052,electricity,54380
2030,5053,electricity,55416
2030,5054,electricity,55063
2030,5055,electricity,54803
2030,5056,electricity,53393
2030,5057,electricity,52289
2030,5058,electricity,51244
2030,5059,electricity,51130
2030,5060,electricity,51435
2030,5061,electricity,49467
2030,5062,electricity,47338
2030,5063,electricity,48252
2030,5064,electricity,50523
2030,5065,electricity,47517
2030,5066,electricity,42940
2030,5067,electricity,41593
2030,5068,electricity,39178
2030,5069,electricity,38044
2030,5070,electricity,38852
2030,5071,electricity,41177
2030,5072,electricity,43987
2030,5073,electricity,47923
2030,5074,electricity,51277
2030,5075,electricity,53491
2030,5076,electricity,54800
2030,5077,electricity,55914
2030,5078,electricity,55749
2030,5079,electricity,55486
2030,5080,electricity,54393
2030,5081,electricity,53326
2030,5082,electricity,52470
2030,5083,electricity,52328
2030,5084,electricity,52428
2030,5085,electricity,50231
2030,5086,electricity,48315
2030,5087,electricity,49467
2030,5088,electricity,51726
2030,5089,electricity,48449
2030,5090,electricity,43546
2030,5091,electricity,42277
2030,5092,electricity,39687
2030,5093,electricity,38571
2030,5094,electricity,39332
2030,5095,electricity,41380
2030,5096,electricity,44211
2030,5097,electricity,48289
2030,5098,electricity,51928
2030,5099,electricity,54162
2030,5100,electricity,55897
2030,5101,electricity,57016
2030,5102,electricity,57153
2030,5103,electricity,56901
2030,5104,electricity,55974
2030,5105,electricity,54679
2030,5106,electricity,53585
2030,5107,electricity,53283
2030,5108,electricity,53047
2030,5109,electricity,50727
2030,5110,electricity,48738
2030,5111,electricity,49907
2030,5112,electricity,51968
2030,5113,electricity,48622
2030,5114,electricity,43814
2030,5115,electricity,42460
2030,5116,electricity,39996
2030,5117,electricity,38771
2030,5118,electricity,39505
2030,5119,electricity,41477
2030,5120,electricity,44177
2030,5121,electricity,48077
2030,5122,electricity,51504
2030,5123,electricity,53622
2030,5124,electricity,55028
2030,5125,electricity,56082
2030,5126,electricity,56124
2030,5127,electricity,55385
2030,5128,electricity,54129
2030,5129,electricity,52806
2030,5130,electricity,51729
2030,5131,electricity,51619
2030,5132,electricity,51173
2030,5133,electricity,48807
2030,5134,electricity,47205
2030,5135,electricity,48298
2030,5136,electricity,50174
2030,5137,electricity,46934
2030,5138,electricity,42274
2030,5139,electricity,40798
2030,5140,electricity,38093
2030,5141,electricity,36478
2030,5142,electricity,36210
2030,5143,electricity,36379
2030,5144,electricity,36708
2030,5145,electricity,39226
2030,5146,electricity,42591
2030,5147,electricity,44855
2030,5148,electricity,45999
2030,5149,electricity,47481
2030,5150,electricity,47950
2030,5151,electricity,46483
2030,5152,electricity,45306
2030,5153,electricity,44293
2030,5154,electricity,43705
2030,5155,electricity,44221
2030,5156,electricity,44778
2030,5157,electricity,43464
2030,5158,electricity,42579
2030,5159,electricity,44299
2030,5160,electricity,47119
2030,5161,electricity,44542
2030,5162,electricity,40266
2030,5163,electricity,38816
2030,5164,electricity,36142
2030,5165,electricity,34642
2030,5166,electricity,34125
2030,5167,electricity,33815
2030,5168,electricity,33377
2030,5169,electricity,35186
2030,5170,electricity,37970
2030,5171,electricity,40289
2030,5172,electricity,41912
2030,5173,electricity,43592
2030,5174,electricity,44038
2030,5175,electricity,42195
2030,5176,electricity,40728
2030,5177,electricity,39856
2030,5178,electricity,39602
2030,5179,electricity,40452
2030,5180,electricity,41864
2030,5181,electricity,42318
2030,5182,electricity,42523
2030,5183,electricity,44509
2030,5184,electricity,47045
2030,5185,electricity,44035
2030,5186,electricity,39642
2030,5187,electricity,38413
2030,5188,electricity,36037
2030,5189,electricity,35075
2030,5190,electricity,35967
2030,5191,electricity,38109
2030,5192,electricity,40334
2030,5193,electricity,43913
2030,5194,electricity,47529
2030,5195,electricity,49863
2030,5196,electricity,51379
2030,5197,electricity,52915
2030,5198,electricity,53230
2030,5199,electricity,52783
2030,5200,electricity,51572
2030,5201,electricity,50444
2030,5202,electricity,49436
2030,5203,electricity,49217
2030,5204,electricity,49511
2030,5205,electricity,47740
2030,5206,electricity,46387
2030,5207,electricity,47296
2030,5208,electricity,49472
2030,5209,electricity,46218
2030,5210,electricity,41603
2030,5211,electricity,40412
2030,5212,electricity,38034
2030,5213,electricity,36903
2030,5214,electricity,37538
2030,5215,electricity,39466
2030,5216,electricity,41598
2030,5217,electricity,45012
2030,5218,electricity,48235
2030,5219,electricity,50388
2030,5220,electricity,51580
2030,5221,electricity,52642
2030,5222,electricity,52591
2030,5223,electricity,51902
2030,5224,electricity,50710
2030,5225,electricity,49543
2030,5226,electricity,48603
2030,5227,electricity,48580
2030,5228,electricity,48876
2030,5229,electricity,47032
2030,5230,electricity,45793
2030,5231,electricity,46374
2030,5232,electricity,48421
2030,5233,electricity,45300
2030,5234,electricity,40819
2030,5235,electricity,39644
2030,5236,electricity,37295
2030,5237,electricity,36184
2030,5238,electricity,36847
2030,5239,electricity,38866
2030,5240,electricity,40984
2030,5241,electricity,44316
2030,5242,electricity,47582
2030,5243,electricity,49710
2030,5244,electricity,50838
2030,5245,electricity,51893
2030,5246,electricity,51311
2030,5247,electricity,50450
2030,5248,electricity,49189
2030,5249,electricity,47900
2030,5250,electricity,47017
2030,5251,electricity,47089
2030,5252,electricity,47648
2030,5253,electricity,45805
2030,5254,electricity,44479
2030,5255,electricity,44906
2030,5256,electricity,46904
2030,5257,electricity,44095
2030,5258,electricity,40065
2030,5259,electricity,38636
2030,5260,electricity,36370
2030,5261,electricity,35231
2030,5262,electricity,35964
2030,5263,electricity,38266
2030,5264,electricity,40287
2030,5265,electricity,43649
2030,5266,electricity,46720
2030,5267,electricity,48823
2030,5268,electricity,49974
2030,5269,electricity,50839
2030,5270,electricity,50560
2030,5271,electricity,49762
2030,5272,electricity,48513
2030,5273,electricity,47193
2030,5274,electricity,46281
2030,5275,electricity,46361
2030,5276,electricity,46917
2030,5277,electricity,44983
2030,5278,electricity,43877
2030,5279,electricity,44980
2030,5280,electricity,47182
2030,5281,electricity,44410
2030,5282,electricity,39946
2030,5283,electricity,38933
2030,5284,electricity,36346
2030,5285,electricity,35165
2030,5286,electricity,35870
2030,5287,electricity,37956
2030,5288,electricity,39977
2030,5289,electricity,43399
2030,5290,electricity,46458
2030,5291,electricity,48468
2030,5292,electricity,49508
2030,5293,electricity,50514
2030,5294,electricity,50457
2030,5295,electricity,49385
2030,5296,electricity,47964
2030,5297,electricity,46513
2030,5298,electricity,45624
2030,5299,electricity,45817
2030,5300,electricity,46141
2030,5301,electricity,44311
2030,5302,electricity,43436
2030,5303,electricity,44667
2030,5304,electricity,46885
2030,5305,electricity,44069
2030,5306,electricity,39599
2030,5307,electricity,38234
2030,5308,electricity,35505
2030,5309,electricity,34030
2030,5310,electricity,33935
2030,5311,electricity,34486
2030,5312,electricity,34589
2030,5313,electricity,36904
2030,5314,electricity,40135
2030,5315,electricity,42402
2030,5316,electricity,43588
2030,5317,electricity,45153
2030,5318,electricity,45530
2030,5319,electricity,43892
2030,5320,electricity,42559
2030,5321,electricity,41275
2030,5322,electricity,40691
2030,5323,electricity,41509
2030,5324,electricity,41987
2030,5325,electricity,40955
2030,5326,electricity,40587
2030,5327,electricity,42215
2030,5328,electricity,44922
2030,5329,electricity,42627
2030,5330,electricity,38407
2030,5331,electricity,36986
2030,5332,electricity,34185
2030,5333,electricity,32637
2030,5334,electricity,32194
2030,5335,electricity,32111
2030,5336,electricity,31553
2030,5337,electricity,33270
2030,5338,electricity,36081
2030,5339,electricity,38555
2030,5340,electricity,40022
2030,5341,electricity,41731
2030,5342,electricity,42155
2030,5343,electricity,40053
2030,5344,electricity,38598
2030,5345,electricity,37466
2030,5346,electricity,37092
2030,5347,electricity,38051
2030,5348,electricity,39723
2030,5349,electricity,40256
2030,5350,electricity,40830
2030,5351,electricity,42598
2030,5352,electricity,45070
2030,5353,electricity,42287
2030,5354,electricity,37966
2030,5355,electricity,36789
2030,5356,electricity,34429
2030,5357,electricity,33395
2030,5358,electricity,34197
2030,5359,electricity,36517
2030,5360,electricity,38342
2030,5361,electricity,41648
2030,5362,electricity,44889
2030,5363,electricity,47052
2030,5364,electricity,48422
2030,5365,electricity,49901
2030,5366,electricity,50199
2030,5367,electricity,49374
2030,5368,electricity,48104
2030,5369,electricity,46783
2030,5370,electricity,46059
2030,5371,electricity,46206
2030,5372,electricity,46888
2030,5373,electricity,45469
2030,5374,electricity,44551
2030,5375,electricity,45382
2030,5376,electricity,47430
2030,5377,electricity,44503
2030,5378,electricity,39963
2030,5379,electricity,38842
2030,5380,electricity,36326
2030,5381,electricity,35100
2030,5382,electricity,35713
2030,5383,electricity,37786
2030,5384,electricity,39500
2030,5385,electricity,42665
2030,5386,electricity,45818
2030,5387,electricity,47915
2030,5388,electricity,49111
2030,5389,electricity,50357
2030,5390,electricity,50318
2030,5391,electricity,49507
2030,5392,electricity,48279
2030,5393,electricity,46948
2030,5394,electricity,46070
2030,5395,electricity,46285
2030,5396,electricity,46899
2030,5397,electricity,45263
2030,5398,electricity,44709
2030,5399,electricity,45530
2030,5400,electricity,47565
2030,5401,electricity,44690
2030,5402,electricity,40239
2030,5403,electricity,39069
2030,5404,electricity,36536
2030,5405,electricity,35344
2030,5406,electricity,35888
2030,5407,electricity,37868
2030,5408,electricity,39592
2030,5409,electricity,42818
2030,5410,electricity,45985
2030,5411,electricity,47833
2030,5412,electricity,48961
2030,5413,electricity,50201
2030,5414,electricity,50298
2030,5415,electricity,49333
2030,5416,electricity,48098
2030,5417,electricity,46735
2030,5418,electricity,45910
2030,5419,electricity,46121
2030,5420,electricity,46593
2030,5421,electricity,45030
2030,5422,electricity,44470
2030,5423,electricity,45481
2030,5424,electricity,47472
2030,5425,electricity,44725
2030,5426,electricity,40347
2030,5427,electricity,38999
2030,5428,electricity,36318
2030,5429,electricity,34723
2030,5430,electricity,34298
2030,5431,electricity,34639
2030,5432,electricity,34333
2030,5433,electricity,36120
2030,5434,electricity,38950
2030,5435,electricity,41239
2030,5436,electricity,42664
2030,5437,electricity,44338
2030,5438,electricity,44623
2030,5439,electricity,42673
2030,5440,electricity,41159
2030,5441,electricity,40012
2030,5442,electricity,39692
2030,5443,electricity,40353
2030,5444,electricity,41526
2030,5445,electricity,41574
2030,5446,electricity,42297
2030,5447,electricity,43476
2030,5448,electricity,45814
2030,5449,electricity,43510
2030,5450,electricity,39213
2030,5451,electricity,37989
2030,5452,electricity,35497
2030,5453,electricity,34351
2030,5454,electricity,34844
2030,5455,electricity,36621
2030,5456,electricity,37620
2030,5457,electricity,40516
2030,5458,electricity,43839
2030,5459,electricity,46053
2030,5460,electricity,47409
2030,5461,electricity,49049
2030,5462,electricity,49513
2030,5463,electricity,48494
2030,5464,electricity,47257
2030,5465,electricity,46103
2030,5466,electricity,45500
2030,5467,electricity,45967
2030,5468,electricity,46428
2030,5469,electricity,44872
2030,5470,electricity,44718
2030,5471,electricity,45279
2030,5472,electricity,47249
2030,5473,electricity,44626
2030,5474,electricity,40245
2030,5475,electricity,38746
2030,5476,electricity,36093
2030,5477,electricity,34609
2030,5478,electricity,34637
2030,5479,electricity,35404
2030,5480,electricity,35428
2030,5481,electricity,37498
2030,5482,electricity,40697
2030,5483,electricity,43007
2030,5484,electricity,44300
2030,5485,electricity,45879
2030,5486,electricity,46378
2030,5487,electricity,44917
2030,5488,electricity,43816
2030,5489,electricity,42614
2030,5490,electricity,42110
2030,5491,electricity,42687
2030,5492,electricity,43356
2030,5493,electricity,42405
2030,5494,electricity,42727
2030,5495,electricity,43476
2030,5496,electricity,45857
2030,5497,electricity,43488
2030,5498,electricity,39259
2030,5499,electricity,37945
2030,5500,electricity,35258
2030,5501,electricity,33742
2030,5502,electricity,33218
2030,5503,electricity,33470
2030,5504,electricity,32729
2030,5505,electricity,34334
2030,5506,electricity,37142
2030,5507,electricity,39612
2030,5508,electricity,41284
2030,5509,electricity,43032
2030,5510,electricity,43394
2030,5511,electricity,41292
2030,5512,electricity,39865
2030,5513,electricity,38739
2030,5514,electricity,38489
2030,5515,electricity,39332
2030,5516,electricity,41038
2030,5517,electricity,41597
2030,5518,electricity,42917
2030,5519,electricity,43560
2030,5520,electricity,45723
2030,5521,electricity,43009
2030,5522,electricity,38754
2030,5523,electricity,37628
2030,5524,electricity,35321
2030,5525,electricity,34480
2030,5526,electricity,35445
2030,5527,electricity,38153
2030,5528,electricity,40388
2030,5529,electricity,43878
2030,5530,electricity,47381
2030,5531,electricity,49537
2030,5532,electricity,50752
2030,5533,electricity,52059
2030,5534,electricity,52058
2030,5535,electricity,51293
2030,5536,electricity,49837
2030,5537,electricity,48476
2030,5538,electricity,47333
2030,5539,electricity,47385
2030,5540,electricity,48097
2030,5541,electricity,46544
2030,5542,electricity,46243
2030,5543,electricity,46316
2030,5544,electricity,48253
2030,5545,electricity,45380
2030,5546,electricity,40922
2030,5547,electricity,39777
2030,5548,electricity,37414
2030,5549,electricity,36243
2030,5550,electricity,37017
2030,5551,electricity,39521
2030,5552,electricity,41459
2030,5553,electricity,44844
2030,5554,electricity,48138
2030,5555,electricity,50077
2030,5556,electricity,51244
2030,5557,electricity,52365
2030,5558,electricity,52264
2030,5559,electricity,51573
2030,5560,electricity,50323
2030,5561,electricity,49021
2030,5562,electricity,48092
2030,5563,electricity,48136
2030,5564,electricity,48540
2030,5565,electricity,46877
2030,5566,electricity,46758
2030,5567,electricity,46826
2030,5568,electricity,48690
2030,5569,electricity,45947
2030,5570,electricity,41386
2030,5571,electricity,40288
2030,5572,electricity,37710
2030,5573,electricity,36533
2030,5574,electricity,37174
2030,5575,electricity,39681
2030,5576,electricity,41749
2030,5577,electricity,45084
2030,5578,electricity,48320
2030,5579,electricity,50360
2030,5580,electricity,51445
2030,5581,electricity,52614
2030,5582,electricity,52641
2030,5583,electricity,52028
2030,5584,electricity,50795
2030,5585,electricity,49544
2030,5586,electricity,48625
2030,5587,electricity,48702
2030,5588,electricity,49120
2030,5589,electricity,47486
2030,5590,electricity,47597
2030,5591,electricity,47414
2030,5592,electricity,49148
2030,5593,electricity,46272
2030,5594,electricity,41841
2030,5595,electricity,40560
2030,5596,electricity,38161
2030,5597,electricity,36924
2030,5598,electricity,37640
2030,5599,electricity,40201
2030,5600,electricity,42270
2030,5601,electricity,45471
2030,5602,electricity,48632
2030,5603,electricity,50772
2030,5604,electricity,52130
2030,5605,electricity,53337
2030,5606,electricity,53416
2030,5607,electricity,52839
2030,5608,electricity,51662
2030,5609,electricity,50438
2030,5610,electricity,49452
2030,5611,electricity,49454
2030,5612,electricity,49791
2030,5613,electricity,47970
2030,5614,electricity,48013
2030,5615,electricity,47744
2030,5616,electricity,49617
2030,5617,electricity,46902
2030,5618,electricity,42350
2030,5619,electricity,41163
2030,5620,electricity,38631
2030,5621,electricity,37479
2030,5622,electricity,38185
2030,5623,electricity,40648
2030,5624,electricity,42740
2030,5625,electricity,46007
2030,5626,electricity,49378
2030,5627,electricity,51599
2030,5628,electricity,52820
2030,5629,electricity,53808
2030,5630,electricity,53831
2030,5631,electricity,52943
2030,5632,electricity,51621
2030,5633,electricity,50302
2030,5634,electricity,49179
2030,5635,electricity,49278
2030,5636,electricity,49347
2030,5637,electricity,47493
2030,5638,electricity,47964
2030,5639,electricity,47591
2030,5640,electricity,49571
2030,5641,electricity,46782
2030,5642,electricity,42002
2030,5643,electricity,40626
2030,5644,electricity,37763
2030,5645,electricity,36225
2030,5646,electricity,36086
2030,5647,electricity,36958
2030,5648,electricity,37332
2030,5649,electricity,39188
2030,5650,electricity,42497
2030,5651,electricity,44888
2030,5652,electricity,46204
2030,5653,electricity,47688
2030,5654,electricity,48067
2030,5655,electricity,46027
2030,5656,electricity,44440
2030,5657,electricity,43256
2030,5658,electricity,42499
2030,5659,electricity,43128
2030,5660,electricity,43969
2030,5661,electricity,43039
2030,5662,electricity,43738
2030,5663,electricity,43507
2030,5664,electricity,46197
2030,5665,electricity,43842
2030,5666,electricity,39428
2030,5667,electricity,38010
2030,5668,electricity,35463
2030,5669,electricity,33944
2030,5670,electricity,33355
2030,5671,electricity,33720
2030,5672,electricity,33298
2030,5673,electricity,34734
2030,5674,electricity,37582
2030,5675,electricity,40116
2030,5676,electricity,42102
2030,5677,electricity,44053
2030,5678,electricity,44344
2030,5679,electricity,41890
2030,5680,electricity,40122
2030,5681,electricity,38786
2030,5682,electricity,38241
2030,5683,electricity,39407
2030,5684,electricity,41252
2030,5685,electricity,42133
2030,5686,electricity,43456
2030,5687,electricity,43204
2030,5688,electricity,45541
2030,5689,electricity,43067
2030,5690,electricity,38829
2030,5691,electricity,37614
2030,5692,electricity,35378
2030,5693,electricity,34532
2030,5694,electricity,35964
2030,5695,electricity,39572
2030,5696,electricity,42743
2030,5697,electricity,46512
2030,5698,electricity,49851
2030,5699,electricity,51924
2030,5700,electricity,53258
2030,5701,electricity,54332
2030,5702,electricity,54148
2030,5703,electricity,53630
2030,5704,electricity,52070
2030,5705,electricity,50787
2030,5706,electricity,49755
2030,5707,electricity,49787
2030,5708,electricity,50828
2030,5709,electricity,49574
2030,5710,electricity,49311
2030,5711,electricity,48023
2030,5712,electricity,50068
2030,5713,electricity,47429
2030,5714,electricity,42920
2030,5715,electricity,41777
2030,5716,electricity,39196
2030,5717,electricity,38211
2030,5718,electricity,39076
2030,5719,electricity,42186
2030,5720,electricity,45445
2030,5721,electricity,49282
2030,5722,electricity,52418
2030,5723,electricity,54317
2030,5724,electricity,55416
2030,5725,electricity,56086
2030,5726,electricity,55695
2030,5727,electricity,55248
2030,5728,electricity,53808
2030,5729,electricity,52375
2030,5730,electricity,51217
2030,5731,electricity,51249
2030,5732,electricity,52110
2030,5733,electricity,50534
2030,5734,electricity,50278
2030,5735,electricity,49019
2030,5736,electricity,50795
2030,5737,electricity,48050
2030,5738,electricity,43512
2030,5739,electricity,42295
2030,5740,electricity,39836
2030,5741,electricity,38616
2030,5742,electricity,39471
2030,5743,electricity,42606
2030,5744,electricity,45827
2030,5745,electricity,49299
2030,5746,electricity,52661
2030,5747,electricity,54461
2030,5748,electricity,55706
2030,5749,electricity,56472
2030,5750,electricity,56212
2030,5751,electricity,55640
2030,5752,electricity,54017
2030,5753,electricity,52681
2030,5754,electricity,51413
2030,5755,electricity,51223
2030,5756,electricity,51860
2030,5757,electricity,50285
2030,5758,electricity,50536
2030,5759,electricity,49146
2030,5760,electricity,51154
2030,5761,electricity,48502
2030,5762,electricity,43957
2030,5763,electricity,42768
2030,5764,electricity,40293
2030,5765,electricity,39030
2030,5766,electricity,39990
2030,5767,electricity,43115
2030,5768,electricity,46390
2030,5769,electricity,50040
2030,5770,electricity,52922
2030,5771,electricity,54834
2030,5772,electricity,55865
2030,5773,electricity,56658
2030,5774,electricity,56501
2030,5775,electricity,56029
2030,5776,electricity,54581
2030,5777,electricity,53082
2030,5778,electricity,51911
2030,5779,electricity,51726
2030,5780,electricity,52327
2030,5781,electricity,50675
2030,5782,electricity,50908
2030,5783,electricity,49346
2030,5784,electricity,51274
2030,5785,electricity,48611
2030,5786,electricity,44111
2030,5787,electricity,42818
2030,5788,electricity,40407
2030,5789,electricity,39102
2030,5790,electricity,40084
2030,5791,electricity,43063
2030,5792,electricity,46260
2030,5793,electricity,49821
2030,5794,electricity,52911
2030,5795,electricity,54706
2030,5796,electricity,55744
2030,5797,electricity,56668
2030,5798,electricity,56367
2030,5799,electricity,55490
2030,5800,electricity,53744
2030,5801,electricity,52152
2030,5802,electricity,51068
2030,5803,electricity,51009
2030,5804,electricity,51159
2030,5805,electricity,49477
2030,5806,electricity,49945
2030,5807,electricity,48708
2030,5808,electricity,50857
2030,5809,electricity,48132
2030,5810,electricity,43415
2030,5811,electricity,41733
2030,5812,electricity,38854
2030,5813,electricity,37100
2030,5814,electricity,36687
2030,5815,electricity,37724
2030,5816,electricity,38212
2030,5817,electricity,40217
2030,5818,electricity,43505
2030,5819,electricity,45968
2030,5820,electricity,47128
2030,5821,electricity,48724
2030,5822,electricity,49137
2030,5823,electricity,47215
2030,5824,electricity,45675
2030,5825,electricity,44281
2030,5826,electricity,43610
2030,5827,electricity,44132
2030,5828,electricity,44851
2030,5829,electricity,44265
2030,5830,electricity,45242
2030,5831,electricity,44492
2030,5832,electricity,47345
2030,5833,electricity,45076
2030,5834,electricity,40662
2030,5835,electricity,39203
2030,5836,electricity,36411
2030,5837,electricity,34593
2030,5838,electricity,34113
2030,5839,electricity,34454
2030,5840,electricity,34061
2030,5841,electricity,35410
2030,5842,electricity,38322
2030,5843,electricity,41016
2030,5844,electricity,42913
2030,5845,electricity,44829
2030,5846,electricity,45158
2030,5847,electricity,42657
2030,5848,electricity,41017
2030,5849,electricity,39651
2030,5850,electricity,39181
2030,5851,electricity,40177
2030,5852,electricity,42168
2030,5853,electricity,43276
2030,5854,electricity,45324
2030,5855,electricity,44450
2030,5856,electricity,46832
2030,5857,electricity,44330
2030,5858,electricity,40057
2030,5859,electricity,38843
2030,5860,electricity,36542
2030,5861,electricity,35641
2030,5862,electricity,37247
2030,5863,electricity,41344
2030,5864,electricity,45518
2030,5865,electricity,49246
2030,5866,electricity,51995
2030,5867,electricity,53717
2030,5868,electricity,55025
2030,5869,electricity,55873
2030,5870,electricity,55950
2030,5871,electricity,55719
2030,5872,electricity,54463
2030,5873,electricity,53037
2030,5874,electricity,51881
2030,5875,electricity,51789
2030,5876,electricity,52949
2030,5877,electricity,51487
2030,5878,electricity,51519
2030,5879,electricity,49458
2030,5880,electricity,51325
2030,5881,electricity,48705
2030,5882,electricity,44176
2030,5883,electricity,42974
2030,5884,electricity,40470
2030,5885,electricity,39209
2030,5886,electricity,40095
2030,5887,electricity,43761
2030,5888,electricity,48739
2030,5889,electricity,51871
2030,5890,electricity,53898
2030,5891,electricity,55566
2030,5892,electricity,56809
2030,5893,electricity,57737
2030,5894,electricity,57485
2030,5895,electricity,57266
2030,5896,electricity,56085
2030,5897,electricity,54821
2030,5898,electricity,53616
2030,5899,electricity,53657
2030,5900,electricity,54217
2030,5901,electricity,52442
2030,5902,electricity,52451
2030,5903,electricity,50179
2030,5904,electricity,51830
2030,5905,electricity,49167
2030,5906,electricity,44631
2030,5907,electricity,43394
2030,5908,electricity,41039
2030,5909,electricity,39860
2030,5910,electricity,40713
2030,5911,electricity,44373
2030,5912,electricity,48754
2030,5913,electricity,52029
2030,5914,electricity,54838
2030,5915,electricity,56533
2030,5916,electricity,57733
2030,5917,electricity,58849
2030,5918,electricity,58765
2030,5919,electricity,58520
2030,5920,electricity,57464
2030,5921,electricity,56373
2030,5922,electricity,55048
2030,5923,electricity,54680
2030,5924,electricity,55300
2030,5925,electricity,53237
2030,5926,electricity,53191
2030,5927,electricity,50851
2030,5928,electricity,52401
2030,5929,electricity,49529
2030,5930,electricity,44883
2030,5931,electricity,43566
2030,5932,electricity,41112
2030,5933,electricity,39675
2030,5934,electricity,40673
2030,5935,electricity,44721
2030,5936,electricity,49817
2030,5937,electricity,52673
2030,5938,electricity,55119
2030,5939,electricity,56723
2030,5940,electricity,58073
2030,5941,electricity,58877
2030,5942,electricity,58722
2030,5943,electricity,58606
2030,5944,electricity,57590
2030,5945,electricity,56270
2030,5946,electricity,55067
2030,5947,electricity,54915
2030,5948,electricity,55374
2030,5949,electricity,53293
2030,5950,electricity,53210
2030,5951,electricity,50755
2030,5952,electricity,52178
2030,5953,electricity,49262
2030,5954,electricity,44698
2030,5955,electricity,43452
2030,5956,electricity,40815
2030,5957,electricity,39757
2030,5958,electricity,40760
2030,5959,electricity,44596
2030,5960,electricity,49782
2030,5961,electricity,52587
2030,5962,electricity,55139
2030,5963,electricity,56641
2030,5964,electricity,57529
2030,5965,electricity,58013
2030,5966,electricity,57367
2030,5967,electricity,56520
2030,5968,electricity,55150
2030,5969,electricity,53460
2030,5970,electricity,52321
2030,5971,electricity,52179
2030,5972,electricity,52395
2030,5973,electricity,51318
2030,5974,electricity,51006
2030,5975,electricity,48926
2030,5976,electricity,50948
2030,5977,electricity,47719
2030,5978,electricity,42898
2030,5979,electricity,41460
2030,5980,electricity,38551
2030,5981,electricity,37096
2030,5982,electricity,36874
2030,5983,electricity,38108
2030,5984,electricity,39225
2030,5985,electricity,41003
2030,5986,electricity,44465
2030,5987,electricity,46686
2030,5988,electricity,47886
2030,5989,electricity,49305
2030,5990,electricity,49593
2030,5991,electricity,47647
2030,5992,electricity,45736
2030,5993,electricity,44197
2030,5994,electricity,43529
2030,5995,electricity,44353
2030,5996,electricity,45650
2030,5997,electricity,45690
2030,5998,electricity,45608
2030,5999,electricity,44364
2030,6000,electricity,47156
2030,6001,electricity,45241
2030,6002,electricity,40946
2030,6003,electricity,39269
2030,6004,electricity,36462
2030,6005,electricity,34713
2030,6006,electricity,34245
2030,6007,electricity,34789
2030,6008,electricity,34878
2030,6009,electricity,35849
2030,6010,electricity,38867
2030,6011,electricity,41603
2030,6012,electricity,43444
2030,6013,electricity,45457
2030,6014,electricity,45578
2030,6015,electricity,42851
2030,6016,electricity,40994
2030,6017,electricity,39714
2030,6018,electricity,39369
2030,6019,electricity,40677
2030,6020,electricity,43219
2030,6021,electricity,44807
2030,6022,electricity,45572
2030,6023,electricity,43928
2030,6024,electricity,46182
2030,6025,electricity,44217
2030,6026,electricity,40109
2030,6027,electricity,38898
2030,6028,electricity,36409
2030,6029,electricity,35490
2030,6030,electricity,37137
2030,6031,electricity,41895
2030,6032,electricity,48012
2030,6033,electricity,51076
2030,6034,electricity,53342
2030,6035,electricity,54617
2030,6036,electricity,55397
2030,6037,electricity,56315
2030,6038,electricity,56075
2030,6039,electricity,55596
2030,6040,electricity,54102
2030,6041,electricity,52782
2030,6042,electricity,51817
2030,6043,electricity,51763
2030,6044,electricity,53525
2030,6045,electricity,52724
2030,6046,electricity,51377
2030,6047,electricity,48635
2030,6048,electricity,50647
2030,6049,electricity,47998
2030,6050,electricity,43369
2030,6051,electricity,42134
2030,6052,electricity,39712
2030,6053,electricity,38681
2030,6054,electricity,39767
2030,6055,electricity,43844
2030,6056,electricity,49835
2030,6057,electricity,52575
2030,6058,electricity,54510
2030,6059,electricity,55782
2030,6060,electricity,56384
2030,6061,electricity,56797
2030,6062,electricity,55868
2030,6063,electricity,55319
2030,6064,electricity,54196
2030,6065,electricity,52695
2030,6066,electricity,51350
2030,6067,electricity,51374
2030,6068,electricity,52554
2030,6069,electricity,52213
2030,6070,electricity,51536
2030,6071,electricity,49223
2030,6072,electricity,51034
2030,6073,electricity,48334
2030,6074,electricity,43793
2030,6075,electricity,42620
2030,6076,electricity,40235
2030,6077,electricity,39154
2030,6078,electricity,40252
2030,6079,electricity,44357
2030,6080,electricity,49907
2030,6081,electricity,53197
2030,6082,electricity,55697
2030,6083,electricity,56911
2030,6084,electricity,57728
2030,6085,electricity,58384
2030,6086,electricity,57554
2030,6087,electricity,57019
2030,6088,electricity,55583
2030,6089,electricity,54109
2030,6090,electricity,52951
2030,6091,electricity,53343
2030,6092,electricity,55322
2030,6093,electricity,54822
2030,6094,electricity,52879
2030,6095,electricity,50048
2030,6096,electricity,51821
2030,6097,electricity,49474
2030,6098,electricity,45161
2030,6099,electricity,43957
2030,6100,electricity,41491
2030,6101,electricity,40157
2030,6102,electricity,41263
2030,6103,electricity,45528
2030,6104,electricity,51728
2030,6105,electricity,54593
2030,6106,electricity,56656
2030,6107,electricity,57391
2030,6108,electricity,58049
2030,6109,electricity,58424
2030,6110,electricity,57656
2030,6111,electricity,57073
2030,6112,electricity,55640
2030,6113,electricity,54322
2030,6114,electricity,53118
2030,6115,electricity,53353
2030,6116,electricity,55092
2030,6117,electricity,54869
2030,6118,electricity,52931
2030,6119,electricity,50091
2030,6120,electricity,51854
2030,6121,electricity,49379
2030,6122,electricity,44944
2030,6123,electricity,43812
2030,6124,electricity,41425
2030,6125,electricity,40110
2030,6126,electricity,41282
2030,6127,electricity,45353
2030,6128,electricity,51634
2030,6129,electricity,54319
2030,6130,electricity,56327
2030,6131,electricity,57374
2030,6132,electricity,57975
2030,6133,electricity,58195
2030,6134,electricity,57411
2030,6135,electricity,56389
2030,6136,electricity,54646
2030,6137,electricity,52938
2030,6138,electricity,51720
2030,6139,electricity,52070
2030,6140,electricity,53055
2030,6141,electricity,53093
2030,6142,electricity,51616
2030,6143,electricity,49218
2030,6144,electricity,51329
2030,6145,electricity,48605
2030,6146,electricity,43824
2030,6147,electricity,42186
2030,6148,electricity,39212
2030,6149,electricity,37567
2030,6150,electricity,37295
2030,6151,electricity,38646
2030,6152,electricity,40182
2030,6153,electricity,42094
2030,6154,electricity,45757
2030,6155,electricity,48024
2030,6156,electricity,49083
2030,6157,electricity,50694
2030,6158,electricity,50952
2030,6159,electricity,48550
2030,6160,electricity,46566
2030,6161,electricity,45189
2030,6162,electricity,44576
2030,6163,electricity,45547
2030,6164,electricity,47457
2030,6165,electricity,48199
2030,6166,electricity,47118
2030,6167,electricity,45510
2030,6168,electricity,48295
2030,6169,electricity,46617
2030,6170,electricity,42257
2030,6171,electricity,40472
2030,6172,electricity,37495
2030,6173,electricity,35609
2030,6174,electricity,35054
2030,6175,electricity,35509
2030,6176,electricity,36062
2030,6177,electricity,37162
2030,6178,electricity,40464
2030,6179,electricity,43265
2030,6180,electricity,45031
2030,6181,electricity,46749
2030,6182,electricity,46734
2030,6183,electricity,44014
2030,6184,electricity,41813
2030,6185,electricity,40483
2030,6186,electricity,40062
2030,6187,electricity,41729
2030,6188,electricity,44954
2030,6189,electricity,47317
2030,6190,electricity,46789
2030,6191,electricity,44898
2030,6192,electricity,47204
2030,6193,electricity,45481
2030,6194,electricity,41375
2030,6195,electricity,40142
2030,6196,electricity,37664
2030,6197,electricity,36535
2030,6198,electricity,38311
2030,6199,electricity,43279
2030,6200,electricity,50337
2030,6201,electricity,53191
2030,6202,electricity,55357
2030,6203,electricity,56359
2030,6204,electricity,57048
2030,6205,electricity,57534
2030,6206,electricity,57181
2030,6207,electricity,56482
2030,6208,electricity,54871
2030,6209,electricity,53479
2030,6210,electricity,52432
2030,6211,electricity,52953
2030,6212,electricity,55347
2030,6213,electricity,55836
2030,6214,electricity,53314
2030,6215,electricity,50502
2030,6216,electricity,52346
2030,6217,electricity,49910
2030,6218,electricity,45547
2030,6219,electricity,44195
2030,6220,electricity,41824
2030,6221,electricity,40745
2030,6222,electricity,41771
2030,6223,electricity,46430
2030,6224,electricity,53348
2030,6225,electricity,55986
2030,6226,electricity,57752
2030,6227,electricity,58323
2030,6228,electricity,58973
2030,6229,electricity,59214
2030,6230,electricity,58720
2030,6231,electricity,58011
2030,6232,electricity,56467
2030,6233,electricity,55368
2030,6234,electricity,54558
2030,6235,electricity,55487
2030,6236,electricity,57950
2030,6237,electricity,57990
2030,6238,electricity,54722
2030,6239,electricity,51667
2030,6240,electricity,53131
2030,6241,electricity,50747
2030,6242,electricity,46138
2030,6243,electricity,44787
2030,6244,electricity,42297
2030,6245,electricity,40955
2030,6246,electricity,41958
2030,6247,electricity,46121
2030,6248,electricity,52472
2030,6249,electricity,55500
2030,6250,electricity,57910
2030,6251,electricity,58695
2030,6252,electricity,59092
2030,6253,electricity,59549
2030,6254,electricity,58924
2030,6255,electricity,58134
2030,6256,electricity,56465
2030,6257,electricity,55126
2030,6258,electricity,53802
2030,6259,electricity,54338
2030,6260,electricity,56262
2030,6261,electricity,56830
2030,6262,electricity,53963
2030,6263,electricity,51109
2030,6264,electricity,52801
2030,6265,electricity,50730
2030,6266,electricity,46015
2030,6267,electricity,44744
2030,6268,electricity,42060
2030,6269,electricity,40683
2030,6270,electricity,41844
2030,6271,electricity,46442
2030,6272,electricity,53637
2030,6273,electricity,56190
2030,6274,electricity,57812
2030,6275,electricity,58511
2030,6276,electricity,58863
2030,6277,electricity,58867
2030,6278,electricity,58120
2030,6279,electricity,57372
2030,6280,electricity,55745
2030,6281,electricity,54342
2030,6282,electricity,53223
2030,6283,electricity,53826
2030,6284,electricity,56155
2030,6285,electricity,56797
2030,6286,electricity,53918
2030,6287,electricity,50888
2030,6288,electricity,52606
2030,6289,electricity,50331
2030,6290,electricity,45751
2030,6291,electricity,44439
2030,6292,electricity,42003
2030,6293,electricity,40772
2030,6294,electricity,41736
2030,6295,electricity,45920
2030,6296,electricity,52726
2030,6297,electricity,55230
2030,6298,electricity,57042
2030,6299,electricity,57595
2030,6300,electricity,57727
2030,6301,electricity,57897
2030,6302,electricity,57181
2030,6303,electricity,55635
2030,6304,electricity,53700
2030,6305,electricity,52026
2030,6306,electricity,50803
2030,6307,electricity,50959
2030,6308,electricity,52102
2030,6309,electricity,53458
2030,6310,electricity,51678
2030,6311,electricity,49253
2030,6312,electricity,51498
2030,6313,electricity,48806
2030,6314,electricity,44169
2030,6315,electricity,42517
2030,6316,electricity,39720
2030,6317,electricity,38096
2030,6318,electricity,37940
2030,6319,electricity,39418
2030,6320,electricity,41396
2030,6321,electricity,43046
2030,6322,electricity,46582
2030,6323,electricity,48445
2030,6324,electricity,48804
2030,6325,electricity,50076
2030,6326,electricity,50110
2030,6327,electricity,47826
2030,6328,electricity,45908
2030,6329,electricity,44165
2030,6330,electricity,43250
2030,6331,electricity,43926
2030,6332,electricity,45672
2030,6333,electricity,47965
2030,6334,electricity,46455
2030,6335,electricity,45084
2030,6336,electricity,47926
2030,6337,electricity,46427
2030,6338,electricity,42051
2030,6339,electricity,40436
2030,6340,electricity,37489
2030,6341,electricity,35546
2030,6342,electricity,34958
2030,6343,electricity,35492
2030,6344,electricity,36312
2030,6345,electricity,37003
2030,6346,electricity,40160
2030,6347,electricity,42708
2030,6348,electricity,44349
2030,6349,electricity,46065
2030,6350,electricity,46265
2030,6351,electricity,43474
2030,6352,electricity,41461
2030,6353,electricity,39928
2030,6354,electricity,39627
2030,6355,electricity,41146
2030,6356,electricity,44236
2030,6357,electricity,47537
2030,6358,electricity,46599
2030,6359,electricity,44787
2030,6360,electricity,47252
2030,6361,electricity,45362
2030,6362,electricity,41156
2030,6363,electricity,39877
2030,6364,electricity,37346
2030,6365,electricity,36220
2030,6366,electricity,37906
2030,6367,electricity,42984
2030,6368,electricity,50226
2030,6369,electricity,52796
2030,6370,electricity,54836
2030,6371,electricity,55691
2030,6372,electricity,56334
2030,6373,electricity,56876
2030,6374,electricity,56500
2030,6375,electricity,55994
2030,6376,electricity,54277
2030,6377,electricity,52925
2030,6378,electricity,51687
2030,6379,electricity,51740
2030,6380,electricity,53504
2030,6381,electricity,54670
2030,6382,electricity,51904
2030,6383,electricity,49012
2030,6384,electricity,51081
2030,6385,electricity,48810
2030,6386,electricity,44288
2030,6387,electricity,43017
2030,6388,electricity,40574
2030,6389,electricity,39275
2030,6390,electricity,40367
2030,6391,electricity,44755
2030,6392,electricity,52001
2030,6393,electricity,54367
2030,6394,electricity,55891
2030,6395,electricity,56541
2030,6396,electricity,57059
2030,6397,electricity,57463
2030,6398,electricity,57136
2030,6399,electricity,56503
2030,6400,electricity,55110
2030,6401,electricity,53679
2030,6402,electricity,52571
2030,6403,electricity,52592
2030,6404,electricity,54159
2030,6405,electricity,55780
2030,6406,electricity,52636
2030,6407,electricity,49723
2030,6408,electricity,51617
2030,6409,electricity,48987
2030,6410,electricity,44293
2030,6411,electricity,43105
2030,6412,electricity,40692
2030,6413,electricity,39546
2030,6414,electricity,40563
2030,6415,electricity,44531
2030,6416,electricity,51266
2030,6417,electricity,53925
2030,6418,electricity,56079
2030,6419,electricity,56950
2030,6420,electricity,57477
2030,6421,electricity,58150
2030,6422,electricity,57575
2030,6423,electricity,56885
2030,6424,electricity,55620
2030,6425,electricity,54133
2030,6426,electricity,53206
2030,6427,electricity,53253
2030,6428,electricity,55248
2030,6429,electricity,56461
2030,6430,electricity,52739
2030,6431,electricity,49862
2030,6432,electricity,51671
2030,6433,electricity,49376
2030,6434,electricity,44794
2030,6435,electricity,43567
2030,6436,electricity,40944
2030,6437,electricity,39608
2030,6438,electricity,40617
2030,6439,electricity,44770
2030,6440,electricity,52032
2030,6441,electricity,54341
2030,6442,electricity,55736
2030,6443,electricity,56776
2030,6444,electricity,57529
2030,6445,electricity,58028
2030,6446,electricity,57415
2030,6447,electricity,56820
2030,6448,electricity,55525
2030,6449,electricity,54176
2030,6450,electricity,53004
2030,6451,electricity,53184
2030,6452,electricity,55087
2030,6453,electricity,56392
2030,6454,electricity,52757
2030,6455,electricity,49605
2030,6456,electricity,51647
2030,6457,electricity,49170
2030,6458,electricity,44545
2030,6459,electricity,43277
2030,6460,electricity,40806
2030,6461,electricity,39506
2030,6462,electricity,40553
2030,6463,electricity,44673
2030,6464,electricity,51808
2030,6465,electricity,54243
2030,6466,electricity,55679
2030,6467,electricity,56590
2030,6468,electricity,57011
2030,6469,electricity,57310
2030,6470,electricity,56794
2030,6471,electricity,55758
2030,6472,electricity,54407
2030,6473,electricity,52680
2030,6474,electricity,51654
2030,6475,electricity,51742
2030,6476,electricity,52958
2030,6477,electricity,54483
2030,6478,electricity,51224
2030,6479,electricity,48794
2030,6480,electricity,50924
2030,6481,electricity,48109
2030,6482,electricity,43265
2030,6483,electricity,41564
2030,6484,electricity,38727
2030,6485,electricity,37088
2030,6486,electricity,36905
2030,6487,electricity,38159
2030,6488,electricity,40489
2030,6489,electricity,42110
2030,6490,electricity,45350
2030,6491,electricity,47579
2030,6492,electricity,48457
2030,6493,electricity,49985
2030,6494,electricity,50285
2030,6495,electricity,48099
2030,6496,electricity,46235
2030,6497,electricity,44727
2030,6498,electricity,44143
2030,6499,electricity,44979
2030,6500,electricity,47433
2030,6501,electricity,48916
2030,6502,electricity,46117
2030,6503,electricity,44719
2030,6504,electricity,47567
2030,6505,electricity,45950
2030,6506,electricity,41433
2030,6507,electricity,39748
2030,6508,electricity,36727
2030,6509,electricity,34855
2030,6510,electricity,34272
2030,6511,electricity,34716
2030,6512,electricity,35744
2030,6513,electricity,36520
2030,6514,electricity,39693
2030,6515,electricity,42623
2030,6516,electricity,44815
2030,6517,electricity,46961
2030,6518,electricity,46962
2030,6519,electricity,43929
2030,6520,electricity,41860
2030,6521,electricity,40487
2030,6522,electricity,40126
2030,6523,electricity,41785
2030,6524,electricity,45373
2030,6525,electricity,48582
2030,6526,electricity,46404
2030,6527,electricity,44450
2030,6528,electricity,47054
2030,6529,electricity,45159
2030,6530,electricity,40810
2030,6531,electricity,39509
2030,6532,electricity,37133
2030,6533,electricity,36003
2030,6534,electricity,37629
2030,6535,electricity,42702
2030,6536,electricity,50172
2030,6537,electricity,52979
2030,6538,electricity,54653
2030,6539,electricity,55723
2030,6540,electricity,56493
2030,6541,electricity,56981
2030,6542,electricity,56418
2030,6543,electricity,55852
2030,6544,electricity,54205
2030,6545,electricity,52875
2030,6546,electricity,51791
2030,6547,electricity,52217
2030,6548,electricity,55105
2030,6549,electricity,56206
2030,6550,electricity,51976
2030,6551,electricity,49238
2030,6552,electricity,51144
2030,6553,electricity,48649
2030,6554,electricity,44145
2030,6555,electricity,43143
2030,6556,electricity,40571
2030,6557,electricity,39459
2030,6558,electricity,40407
2030,6559,electricity,45072
2030,6560,electricity,52531
2030,6561,electricity,55014
2030,6562,electricity,56435
2030,6563,electricity,57320
2030,6564,electricity,57918
2030,6565,electricity,58227
2030,6566,electricity,57642
2030,6567,electricity,57004
2030,6568,electricity,55189
2030,6569,electricity,53983
2030,6570,electricity,53131
2030,6571,electricity,53286
2030,6572,electricity,55859
2030,6573,electricity,57112
2030,6574,electricity,53008
2030,6575,electricity,49991
2030,6576,electricity,51771
2030,6577,electricity,49254
2030,6578,electricity,44674
2030,6579,electricity,43518
2030,6580,electricity,40964
2030,6581,electricity,39819
2030,6582,electricity,40809
2030,6583,electricity,45034
2030,6584,electricity,52018
2030,6585,electricity,54793
2030,6586,electricity,56690
2030,6587,electricity,57444
2030,6588,electricity,58100
2030,6589,electricity,58679
2030,6590,electricity,58128
2030,6591,electricity,57592
2030,6592,electricity,55943
2030,6593,electricity,54468
2030,6594,electricity,53406
2030,6595,electricity,53685
2030,6596,electricity,56392
2030,6597,electricity,57600
2030,6598,electricity,53131
2030,6599,electricity,50134
2030,6600,electricity,52019
2030,6601,electricity,49747
2030,6602,electricity,45204
2030,6603,electricity,43877
2030,6604,electricity,41287
2030,6605,electricity,39966
2030,6606,electricity,40879
2030,6607,electricity,45387
2030,6608,electricity,52841
2030,6609,electricity,55508
2030,6610,electricity,56802
2030,6611,electricity,57452
2030,6612,electricity,57998
2030,6613,electricity,58522
2030,6614,electricity,57998
2030,6615,electricity,57296
2030,6616,electricity,55949
2030,6617,electricity,54780
2030,6618,electricity,53756
2030,6619,electricity,54076
2030,6620,electricity,57116
2030,6621,electricity,57331
2030,6622,electricity,52913
2030,6623,electricity,49928
2030,6624,electricity,51771
2030,6625,electricity,49091
2030,6626,electricity,44610
2030,6627,electricity,43251
2030,6628,electricity,40698
2030,6629,electricity,39539
2030,6630,electricity,40636
2030,6631,electricity,44875
2030,6632,electricity,52300
2030,6633,electricity,55244
2030,6634,electricity,56547
2030,6635,electricity,57548
2030,6636,electricity,58141
2030,6637,electricity,58360
2030,6638,electricity,57469
2030,6639,electricity,56468
2030,6640,electricity,54744
2030,6641,electricity,53060
2030,6642,electricity,52066
2030,6643,electricity,52783
2030,6644,electricity,55097
2030,6645,electricity,55435
2030,6646,electricity,51379
2030,6647,electricity,48960
2030,6648,electricity,51018
2030,6649,electricity,48163
2030,6650,electricity,43440
2030,6651,electricity,41964
2030,6652,electricity,39022
2030,6653,electricity,37311
2030,6654,electricity,37192
2030,6655,electricity,38497
2030,6656,electricity,40991
2030,6657,electricity,42740
2030,6658,electricity,46013
2030,6659,electricity,48061
2030,6660,electricity,48923
2030,6661,electricity,50492
2030,6662,electricity,50405
2030,6663,electricity,48187
2030,6664,electricity,46331
2030,6665,electricity,44572
2030,6666,electricity,43974
2030,6667,electricity,45158
2030,6668,electricity,48034
2030,6669,electricity,49645
2030,6670,electricity,46582
2030,6671,electricity,44991
2030,6672,electricity,48070
2030,6673,electricity,46508
2030,6674,electricity,42042
2030,6675,electricity,40223
2030,6676,electricity,37155
2030,6677,electricity,35315
2030,6678,electricity,34704
2030,6679,electricity,35336
2030,6680,electricity,36661
2030,6681,electricity,37513
2030,6682,electricity,40361
2030,6683,electricity,43137
2030,6684,electricity,45100
2030,6685,electricity,47015
2030,6686,electricity,47045
2030,6687,electricity,44064
2030,6688,electricity,41932
2030,6689,electricity,40594
2030,6690,electricity,40333
2030,6691,electricity,42115
2030,6692,electricity,46322
2030,6693,electricity,49287
2030,6694,electricity,46794
2030,6695,electricity,44698
2030,6696,electricity,47267
2030,6697,electricity,45472
2030,6698,electricity,41386
2030,6699,electricity,40267
2030,6700,electricity,37784
2030,6701,electricity,36730
2030,6702,electricity,38443
2030,6703,electricity,43533
2030,6704,electricity,51399
2030,6705,electricity,54286
2030,6706,electricity,55570
2030,6707,electricity,56283
2030,6708,electricity,56855
2030,6709,electricity,57287
2030,6710,electricity,56778
2030,6711,electricity,55995
2030,6712,electricity,54295
2030,6713,electricity,52967
2030,6714,electricity,51961
2030,6715,electricity,52682
2030,6716,electricity,56443
2030,6717,electricity,57156
2030,6718,electricity,52441
2030,6719,electricity,49520
2030,6720,electricity,51427
2030,6721,electricity,49087
2030,6722,electricity,44632
2030,6723,electricity,43582
2030,6724,electricity,41068
2030,6725,electricity,39844
2030,6726,electricity,41042
2030,6727,electricity,45680
2030,6728,electricity,53535
2030,6729,electricity,56529
2030,6730,electricity,57345
2030,6731,electricity,57919
2030,6732,electricity,58259
2030,6733,electricity,58564
2030,6734,electricity,57716
2030,6735,electricity,57082
2030,6736,electricity,55376
2030,6737,electricity,53964
2030,6738,electricity,53232
2030,6739,electricity,53973
2030,6740,electricity,57691
2030,6741,electricity,57892
2030,6742,electricity,53291
2030,6743,electricity,50278
2030,6744,electricity,52027
2030,6745,electricity,49587
2030,6746,electricity,45040
2030,6747,electricity,43684
2030,6748,electricity,41206
2030,6749,electricity,40134
2030,6750,electricity,41178
2030,6751,electricity,45541
2030,6752,electricity,52796
2030,6753,electricity,55984
2030,6754,electricity,57704
2030,6755,electricity,58452
2030,6756,electricity,59000
2030,6757,electricity,59569
2030,6758,electricity,58714
2030,6759,electricity,57832
2030,6760,electricity,56126
2030,6761,electricity,54778
2030,6762,electricity,53692
2030,6763,electricity,54888
2030,6764,electricity,59092
2030,6765,electricity,58610
2030,6766,electricity,53891
2030,6767,electricity,50848
2030,6768,electricity,52750
2030,6769,electricity,50606
2030,6770,electricity,46192
2030,6771,electricity,45104
2030,6772,electricity,42483
2030,6773,electricity,41274
2030,6774,electricity,42292
2030,6775,electricity,47096
2030,6776,electricity,55077
2030,6777,electricity,58190
2030,6778,electricity,59314
2030,6779,electricity,60067
2030,6780,electricity,60647
2030,6781,electricity,61281
2030,6782,electricity,60660
2030,6783,electricity,59943
2030,6784,electricity,58299
2030,6785,electricity,56974
2030,6786,electricity,56081
2030,6787,electricity,57099
2030,6788,electricity,61397
2030,6789,electricity,61423
2030,6790,electricity,56865
2030,6791,electricity,53818
2030,6792,electricity,55744
2030,6793,electricity,53504
2030,6794,electricity,49103
2030,6795,electricity,47850
2030,6796,electricity,45280
2030,6797,electricity,43910
2030,6798,electricity,45184
2030,6799,electricity,49869
2030,6800,electricity,57732
2030,6801,electricity,61056
2030,6802,electricity,61957
2030,6803,electricity,62584
2030,6804,electricity,62871
2030,6805,electricity,62942
2030,6806,electricity,62161
2030,6807,electricity,60706
2030,6808,electricity,58502
2030,6809,electricity,56877
2030,6810,electricity,56088
2030,6811,electricity,57249
2030,6812,electricity,61378
2030,6813,electricity,61808
2030,6814,electricity,57694
2030,6815,electricity,55247
2030,6816,electricity,57297
2030,6817,electricity,54728
2030,6818,electricity,49923
2030,6819,electricity,48514
2030,6820,electricity,45510
2030,6821,electricity,43545
2030,6822,electricity,43609
2030,6823,electricity,45276
2030,6824,electricity,47979
2030,6825,electricity,50423
2030,6826,electricity,53670
2030,6827,electricity,55565
2030,6828,electricity,56078
2030,6829,electricity,57427
2030,6830,electricity,57351
2030,6831,electricity,54820
2030,6832,electricity,52503
2030,6833,electricity,50859
2030,6834,electricity,50161
2030,6835,electricity,51654
2030,6836,electricity,56272
2030,6837,electricity,57433
2030,6838,electricity,54156
2030,6839,electricity,52535
2030,6840,electricity,55788
2030,6841,electricity,54433
2030,6842,electricity,50238
2030,6843,electricity,48599
2030,6844,electricity,45437
2030,6845,electricity,43370
2030,6846,electricity,42865
2030,6847,electricity,43657
2030,6848,electricity,45240
2030,6849,electricity,46569
2030,6850,electricity,49387
2030,6851,electricity,51960
2030,6852,electricity,53316
2030,6853,electricity,54667
2030,6854,electricity,54217
2030,6855,electricity,50689
2030,6856,electricity,47970
2030,6857,electricity,46211
2030,6858,electricity,46042
2030,6859,electricity,48494
2030,6860,electricity,54462
2030,6861,electricity,56462
2030,6862,electricity,53569
2030,6863,electricity,51396
2030,6864,electricity,53802
2030,6865,electricity,52257
2030,6866,electricity,48191
2030,6867,electricity,46990
2030,6868,electricity,44355
2030,6869,electricity,42964
2030,6870,electricity,44594
2030,6871,electricity,50005
2030,6872,electricity,58222
2030,6873,electricity,61845
2030,6874,electricity,62862
2030,6875,electricity,63304
2030,6876,electricity,63693
2030,6877,electricity,64143
2030,6878,electricity,63443
2030,6879,electricity,62383
2030,6880,electricity,60224
2030,6881,electricity,58644
2030,6882,electricity,57665
2030,6883,electricity,58847
2030,6884,electricity,64119
2030,6885,electricity,63306
2030,6886,electricity,58489
2030,6887,electricity,55434
2030,6888,electricity,57413
2030,6889,electricity,55245
2030,6890,electricity,50648
2030,6891,electricity,49369
2030,6892,electricity,46644
2030,6893,electricity,45288
2030,6894,electricity,46492
2030,6895,electricity,51462
2030,6896,electricity,59517
2030,6897,electricity,62921
2030,6898,electricity,63430
2030,6899,electricity,63766
2030,6900,electricity,63931
2030,6901,electricity,63951
2030,6902,electricity,63099
2030,6903,electricity,62401
2030,6904,electricity,60472
2030,6905,electricity,59303
2030,6906,electricity,58529
2030,6907,electricity,59470
2030,6908,electricity,64048
2030,6909,electricity,62989
2030,6910,electricity,58323
2030,6911,electricity,55596
2030,6912,electricity,57746
2030,6913,electricity,55298
2030,6914,electricity,50691
2030,6915,electricity,49304
2030,6916,electricity,46900
2030,6917,electricity,45422
2030,6918,electricity,46721
2030,6919,electricity,51448
2030,6920,electricity,58662
2030,6921,electricity,62349
2030,6922,electricity,63578
2030,6923,electricity,64299
2030,6924,electricity,64827
2030,6925,electricity,64902
2030,6926,electricity,64101
2030,6927,electricity,63208
2030,6928,electricity,61104
2030,6929,electricity,59731
2030,6930,electricity,58607
2030,6931,electricity,59329
2030,6932,electricity,63930
2030,6933,electricity,63002
2030,6934,electricity,58175
2030,6935,electricity,55089
2030,6936,electricity,56987
2030,6937,electricity,55014
2030,6938,electricity,50483
2030,6939,electricity,49206
2030,6940,electricity,46564
2030,6941,electricity,45112
2030,6942,electricity,46264
2030,6943,electricity,51002
2030,6944,electricity,59063
2030,6945,electricity,62457
2030,6946,electricity,62544
2030,6947,electricity,62504
2030,6948,electricity,62270
2030,6949,electricity,61988
2030,6950,electricity,61029
2030,6951,electricity,59748
2030,6952,electricity,57824
2030,6953,electricity,56194
2030,6954,electricity,55149
2030,6955,electricity,55965
2030,6956,electricity,61558
2030,6957,electricity,61088
2030,6958,electricity,56554
2030,6959,electricity,53610
2030,6960,electricity,55858
2030,6961,electricity,53842
2030,6962,electricity,49366
2030,6963,electricity,48242
2030,6964,electricity,45820
2030,6965,electricity,44393
2030,6966,electricity,45773
2030,6967,electricity,50443
2030,6968,electricity,58322
2030,6969,electricity,61916
2030,6970,electricity,62300
2030,6971,electricity,62377
2030,6972,electricity,62128
2030,6973,electricity,62065
2030,6974,electricity,60848
2030,6975,electricity,59063
2030,6976,electricity,56722
2030,6977,electricity,54800
2030,6978,electricity,53959
2030,6979,electricity,54841
2030,6980,electricity,59707
2030,6981,electricity,59409
2030,6982,electricity,55271
2030,6983,electricity,53009
2030,6984,electricity,55252
2030,6985,electricity,53053
2030,6986,electricity,48329
2030,6987,electricity,46771
2030,6988,electricity,43785
2030,6989,electricity,41798
2030,6990,electricity,41668
2030,6991,electricity,43206
2030,6992,electricity,45730
2030,6993,electricity,48117
2030,6994,electricity,50754
2030,6995,electricity,52382
2030,6996,electricity,52579
2030,6997,electricity,53830
2030,6998,electricity,53836
2030,6999,electricity,51219
2030,7000,electricity,48983
2030,7001,electricity,47398
2030,7002,electricity,46636
2030,7003,electricity,47922
2030,7004,electricity,52764
2030,7005,electricity,52484
2030,7006,electricity,49099
2030,7007,electricity,47449
2030,7008,electricity,50790
2030,7009,electricity,49403
2030,7010,electricity,45187
2030,7011,electricity,43403
2030,7012,electricity,40146
2030,7013,electricity,37915
2030,7014,electricity,37243
2030,7015,electricity,37927
2030,7016,electricity,39246
2030,7017,electricity,40716
2030,7018,electricity,43104
2030,7019,electricity,46009
2030,7020,electricity,48001
2030,7021,electricity,49990
2030,7022,electricity,49798
2030,7023,electricity,46587
2030,7024,electricity,44282
2030,7025,electricity,42839
2030,7026,electricity,42542
2030,7027,electricity,44509
2030,7028,electricity,50124
2030,7029,electricity,51456
2030,7030,electricity,48911
2030,7031,electricity,47166
2030,7032,electricity,49944
2030,7033,electricity,48265
2030,7034,electricity,44150
2030,7035,electricity,42824
2030,7036,electricity,40067
2030,7037,electricity,38935
2030,7038,electricity,40686
2030,7039,electricity,45427
2030,7040,electricity,51930
2030,7041,electricity,56356
2030,7042,electricity,58057
2030,7043,electricity,58977
2030,7044,electricity,59469
2030,7045,electricity,59701
2030,7046,electricity,59017
2030,7047,electricity,58204
2030,7048,electricity,56195
2030,7049,electricity,54595
2030,7050,electricity,53379
2030,7051,electricity,54369
2030,7052,electricity,59961
2030,7053,electricity,58624
2030,7054,electricity,53784
2030,7055,electricity,51214
2030,7056,electricity,53477
2030,7057,electricity,51298
2030,7058,electricity,46836
2030,7059,electricity,45538
2030,7060,electricity,42942
2030,7061,electricity,41497
2030,7062,electricity,42701
2030,7063,electricity,46837
2030,7064,electricity,53119
2030,7065,electricity,57146
2030,7066,electricity,58153
2030,7067,electricity,59078
2030,7068,electricity,59679
2030,7069,electricity,60020
2030,7070,electricity,59211
2030,7071,electricity,58617
2030,7072,electricity,56803
2030,7073,electricity,55403
2030,7074,electricity,54475
2030,7075,electricity,55739
2030,7076,electricity,60717
2030,7077,electricity,58485
2030,7078,electricity,53622
2030,7079,electricity,50892
2030,7080,electricity,53410
2030,7081,electricity,51013
2030,7082,electricity,46560
2030,7083,electricity,45309
2030,7084,electricity,42521
2030,7085,electricity,41102
2030,7086,electricity,42191
2030,7087,electricity,46364
2030,7088,electricity,52181
2030,7089,electricity,56545
2030,7090,electricity,58046
2030,7091,electricity,59127
2030,7092,electricity,59908
2030,7093,electricity,60327
2030,7094,electricity,59362
2030,7095,electricity,58524
2030,7096,electricity,56796
2030,7097,electricity,55119
2030,7098,electricity,53927
2030,7099,electricity,54625
2030,7100,electricity,59869
2030,7101,electricity,58656
2030,7102,electricity,54157
2030,7103,electricity,51624
2030,7104,electricity,53789
2030,7105,electricity,51798
2030,7106,electricity,47166
2030,7107,electricity,45914
2030,7108,electricity,43346
2030,7109,electricity,42036
2030,7110,electricity,42992
2030,7111,electricity,47279
2030,7112,electricity,53325
2030,7113,electricity,57609
2030,7114,electricity,59017
2030,7115,electricity,59801
2030,7116,electricity,60133
2030,7117,electricity,60486
2030,7118,electricity,59571
2030,7119,electricity,58658
2030,7120,electricity,56786
2030,7121,electricity,54980
2030,7122,electricity,53668
2030,7123,electricity,54867
2030,7124,electricity,60707
2030,7125,electricity,58945
2030,7126,electricity,54504
2030,7127,electricity,51837
2030,7128,electricity,54195
2030,7129,electricity,52007
2030,7130,electricity,47322
2030,7131,electricity,46018
2030,7132,electricity,43485
2030,7133,electricity,41986
2030,7134,electricity,42827
2030,7135,electricity,46772
2030,7136,electricity,52504
2030,7137,electricity,56832
2030,7138,electricity,58131
2030,7139,electricity,59067
2030,7140,electricity,59550
2030,7141,electricity,59818
2030,7142,electricity,59141
2030,7143,electricity,57793
2030,7144,electricity,55883
2030,7145,electricity,54157
2030,7146,electricity,53206
2030,7147,electricity,54299
2030,7148,electricity,59208
2030,7149,electricity,57127
2030,7150,electricity,52855
2030,7151,electricity,50612
2030,7152,electricity,52948
2030,7153,electricity,50650
2030,7154,electricity,45910
2030,7155,electricity,44399
2030,7156,electricity,41116
2030,7157,electricity,39226
2030,7158,electricity,38986
2030,7159,electricity,40290
2030,7160,electricity,42783
2030,7161,electricity,45166
2030,7162,electricity,47343
2030,7163,electricity,49129
2030,7164,electricity,49929
2030,7165,electricity,51193
2030,7166,electricity,51248
2030,7167,electricity,48837
2030,7168,electricity,46777
2030,7169,electricity,45198
2030,7170,electricity,44567
2030,7171,electricity,46258
2030,7172,electricity,51780
2030,7173,electricity,50791
2030,7174,electricity,47612
2030,7175,electricity,46304
2030,7176,electricity,49428
2030,7177,electricity,48087
2030,7178,electricity,43772
2030,7179,electricity,42123
2030,7180,electricity,38012
2030,7181,electricity,35812
2030,7182,electricity,36112
2030,7183,electricity,37241
2030,7184,electricity,38619
2030,7185,electricity,40127
2030,7186,electricity,43445
2030,7187,electricity,45569
2030,7188,electricity,46822
2030,7189,electricity,48433
2030,7190,electricity,48044
2030,7191,electricity,45243
2030,7192,electricity,43237
2030,7193,electricity,42457
2030,7194,electricity,43501
2030,7195,electricity,48856
2030,7196,electricity,51596
2030,7197,electricity,50343
2030,7198,electricity,47917
2030,7199,electricity,46589
2030,7200,electricity,49553
2030,7201,electricity,47869
2030,7202,electricity,43527
2030,7203,electricity,42246
2030,7204,electricity,39720
2030,7205,electricity,38676
2030,7206,electricity,40588
2030,7207,electricity,45340
2030,7208,electricity,50712
2030,7209,electricity,53978
2030,7210,electricity,56610
2030,7211,electricity,57778
2030,7212,electricity,58487
2030,7213,electricity,59173
2030,7214,electricity,58628
2030,7215,electricity,57881
2030,7216,electricity,56239
2030,7217,electricity,55117
2030,7218,electricity,55175
2030,7219,electricity,60105
2030,7220,electricity,62710
2030,7221,electricity,58782
2030,7222,electricity,54418
2030,7223,electricity,52316
2030,7224,electricity,54746
2030,7225,electricity,52720
2030,7226,electricity,48555
2030,7227,electricity,47343
2030,7228,electricity,44710
2030,7229,electricity,43696
2030,7230,electricity,45055
2030,7231,electricity,49463
2030,7232,electricity,54915
2030,7233,electricity,58153
2030,7234,electricity,60440
2030,7235,electricity,60971
2030,7236,electricity,60995
2030,7237,electricity,61287
2030,7238,electricity,60636
2030,7239,electricity,59941
2030,7240,electricity,58185
2030,7241,electricity,57086
2030,7242,electricity,57391
2030,7243,electricity,62598
2030,7244,electricity,65667
2030,7245,electricity,61852
2030,7246,electricity,57621
2030,7247,electricity,55454
2030,7248,electricity,57908
2030,7249,electricity,55943
2030,7250,electricity,51732
2030,7251,electricity,50697
2030,7252,electricity,48279
2030,7253,electricity,47164
2030,7254,electricity,48723
2030,7255,electricity,53105
2030,7256,electricity,58596
2030,7257,electricity,61729
2030,7258,electricity,63768
2030,7259,electricity,63948
2030,7260,electricity,63439
2030,7261,electricity,63249
2030,7262,electricity,62104
2030,7263,electricity,60666
2030,7264,electricity,58721
2030,7265,electricity,57299
2030,7266,electricity,57781
2030,7267,electricity,63813
2030,7268,electricity,66855
2030,7269,electricity,63563
2030,7270,electricity,59383
2030,7271,electricity,57346
2030,7272,electricity,59898
2030,7273,electricity,57885
2030,7274,electricity,53824
2030,7275,electricity,52705
2030,7276,electricity,50217
2030,7277,electricity,48961
2030,7278,electricity,50533
2030,7279,electricity,54860
2030,7280,electricity,60256
2030,7281,electricity,63331
2030,7282,electricity,65077
2030,7283,electricity,65232
2030,7284,electricity,64849
2030,7285,electricity,64662
2030,7286,electricity,63732
2030,7287,electricity,62338
2030,7288,electricity,60155
2030,7289,electricity,58996
2030,7290,electricity,59389
2030,7291,electricity,64432
2030,7292,electricity,66355
2030,7293,electricity,62791
2030,7294,electricity,58595
2030,7295,electricity,56414
2030,7296,electricity,58745
2030,7297,electricity,56909
2030,7298,electricity,52651
2030,7299,electricity,51114
2030,7300,electricity,48061
2030,7301,electricity,45810
2030,7302,electricity,45481
2030,7303,electricity,46631
2030,7304,electricity,47998
2030,7305,electricity,49113
2030,7306,electricity,51898
2030,7307,electricity,53916
2030,7308,electricity,54697
2030,7309,electricity,56663
2030,7310,electricity,56976
2030,7311,electricity,54257
2030,7312,electricity,52091
2030,7313,electricity,51019
2030,7314,electricity,52177
2030,7315,electricity,57320
2030,7316,electricity,59548
2030,7317,electricity,57317
2030,7318,electricity,54388
2030,7319,electricity,52928
2030,7320,electricity,55869
2030,7321,electricity,54158
2030,7322,electricity,49952
2030,7323,electricity,48212
2030,7324,electricity,44974
2030,7325,electricity,43026
2030,7326,electricity,42982
2030,7327,electricity,44546
2030,7328,electricity,46220
2030,7329,electricity,47499
2030,7330,electricity,50525
2030,7331,electricity,52132
2030,7332,electricity,52574
2030,7333,electricity,54076
2030,7334,electricity,54628
2030,7335,electricity,52217
2030,7336,electricity,50183
2030,7337,electricity,48987
2030,7338,electricity,49974
2030,7339,electricity,55471
2030,7340,electricity,57448
2030,7341,electricity,54705
2030,7342,electricity,51732
2030,7343,electricity,50759
2030,7344,electricity,54126
2030,7345,electricity,52822
2030,7346,electricity,48777
2030,7347,electricity,47182
2030,7348,electricity,44060
2030,7349,electricity,42098
2030,7350,electricity,41825
2030,7351,electricity,42799
2030,7352,electricity,43796
2030,7353,electricity,44756
2030,7354,electricity,47785
2030,7355,electricity,50051
2030,7356,electricity,51650
2030,7357,electricity,53331
2030,7358,electricity,53320
2030,7359,electricity,50300
2030,7360,electricity,48073
2030,7361,electricity,47326
2030,7362,electricity,48986
2030,7363,electricity,55712
2030,7364,electricity,58760
2030,7365,electricity,57155
2030,7366,electricity,54545
2030,7367,electricity,52834
2030,7368,electricity,55432
2030,7369,electricity,54054
2030,7370,electricity,50190
2030,7371,electricity,48985
2030,7372,electricity,46125
2030,7373,electricity,44764
2030,7374,electricity,46566
2030,7375,electricity,51917
2030,7376,electricity,59464
2030,7377,electricity,62460
2030,7378,electricity,64306
2030,7379,electricity,64963
2030,7380,electricity,65708
2030,7381,electricity,66594
2030,7382,electricity,66232
2030,7383,electricity,65419
2030,7384,electricity,63626
2030,7385,electricity,62851
2030,7386,electricity,63404
2030,7387,electricity,68798
2030,7388,electricity,71233
2030,7389,electricity,67095
2030,7390,electricity,62478
2030,7391,electricity,59800
2030,7392,electricity,61973
2030,7393,electricity,59748
2030,7394,electricity,55568
2030,7395,electricity,54514
2030,7396,electricity,52032
2030,7397,electricity,50921
2030,7398,electricity,52574
2030,7399,electricity,57637
2030,7400,electricity,65201
2030,7401,electricity,67422
2030,7402,electricity,68742
2030,7403,electricity,69336
2030,7404,electricity,69869
2030,7405,electricity,70372
2030,7406,electricity,69901
2030,7407,electricity,69044
2030,7408,electricity,66936
2030,7409,electricity,65938
2030,7410,electricity,66604
2030,7411,electricity,71207
2030,7412,electricity,73043
2030,7413,electricity,68472
2030,7414,electricity,63351
2030,7415,electricity,60258
2030,7416,electricity,62017
2030,7417,electricity,59776
2030,7418,electricity,55020
2030,7419,electricity,53644
2030,7420,electricity,50757
2030,7421,electricity,49357
2030,7422,electricity,50593
2030,7423,electricity,55266
2030,7424,electricity,61533
2030,7425,electricity,64022
2030,7426,electricity,65415
2030,7427,electricity,65739
2030,7428,electricity,65973
2030,7429,electricity,66249
2030,7430,electricity,65492
2030,7431,electricity,64520
2030,7432,electricity,62629
2030,7433,electricity,61587
2030,7434,electricity,62218
2030,7435,electricity,67117
2030,7436,electricity,69038
2030,7437,electricity,64786
2030,7438,electricity,59931
2030,7439,electricity,57027
2030,7440,electricity,58901
2030,7441,electricity,57061
2030,7442,electricity,52714
2030,7443,electricity,51185
2030,7444,electricity,48362
2030,7445,electricity,46966
2030,7446,electricity,48064
2030,7447,electricity,53024
2030,7448,electricity,60255
2030,7449,electricity,62343
2030,7450,electricity,63243
2030,7451,electricity,63358
2030,7452,electricity,63605
2030,7453,electricity,63701
2030,7454,electricity,63159
2030,7455,electricity,62162
2030,7456,electricity,60694
2030,7457,electricity,59788
2030,7458,electricity,60858
2030,7459,electricity,65900
2030,7460,electricity,67669
2030,7461,electricity,63469
2030,7462,electricity,58995
2030,7463,electricity,56289
2030,7464,electricity,58347
2030,7465,electricity,56294
2030,7466,electricity,51867
2030,7467,electricity,50564
2030,7468,electricity,47930
2030,7469,electricity,46689
2030,7470,electricity,47958
2030,7471,electricity,52854
2030,7472,electricity,60033
2030,7473,electricity,62560
2030,7474,electricity,63605
2030,7475,electricity,64008
2030,7476,electricity,64454
2030,7477,electricity,64514
2030,7478,electricity,64061
2030,7479,electricity,62845
2030,7480,electricity,61352
2030,7481,electricity,60102
2030,7482,electricity,61164
2030,7483,electricity,65792
2030,7484,electricity,67147
2030,7485,electricity,63350
2030,7486,electricity,59553
2030,7487,electricity,57547
2030,7488,electricity,59939
2030,7489,electricity,57797
2030,7490,electricity,53225
2030,7491,electricity,51722
2030,7492,electricity,48792
2030,7493,electricity,46999
2030,7494,electricity,47013
2030,7495,electricity,48851
2030,7496,electricity,51487
2030,7497,electricity,53169
2030,7498,electricity,56214
2030,7499,electricity,57532
2030,7500,electricity,57738
2030,7501,electricity,59158
2030,7502,electricity,59629
2030,7503,electricity,57200
2030,7504,electricity,55217
2030,7505,electricity,54184
2030,7506,electricity,55754
2030,7507,electricity,61042
2030,7508,electricity,62562
2030,7509,electricity,59754
2030,7510,electricity,56310
2030,7511,electricity,55216
2030,7512,electricity,58628
2030,7513,electricity,57065
2030,7514,electricity,52792
2030,7515,electricity,51230
2030,7516,electricity,47795
2030,7517,electricity,45471
2030,7518,electricity,44931
2030,7519,electricity,45603
2030,7520,electricity,46755
2030,7521,electricity,47595
2030,7522,electricity,50770
2030,7523,electricity,53417
2030,7524,electricity,55047
2030,7525,electricity,56520
2030,7526,electricity,56607
2030,7527,electricity,53414
2030,7528,electricity,51299
2030,7529,electricity,50352
2030,7530,electricity,52024
2030,7531,electricity,57759
2030,7532,electricity,60277
2030,7533,electricity,59377
2030,7534,electricity,57133
2030,7535,electricity,56278
2030,7536,electricity,59816
2030,7537,electricity,58741
2030,7538,electricity,54758
2030,7539,electricity,53524
2030,7540,electricity,50766
2030,7541,electricity,49039
2030,7542,electricity,49329
2030,7543,electricity,50819
2030,7544,electricity,52366
2030,7545,electricity,53151
2030,7546,electricity,56134
2030,7547,electricity,58315
2030,7548,electricity,59157
2030,7549,electricity,60480
2030,7550,electricity,60443
2030,7551,electricity,57405
2030,7552,electricity,55280
2030,7553,electricity,54380
2030,7554,electricity,56599
2030,7555,electricity,63147
2030,7556,electricity,65904
2030,7557,electricity,63459
2030,7558,electricity,60348
2030,7559,electricity,58638
2030,7560,electricity,61099
2030,7561,electricity,59339
2030,7562,electricity,55594
2030,7563,electricity,54682
2030,7564,electricity,52010
2030,7565,electricity,50635
2030,7566,electricity,52654
2030,7567,electricity,58358
2030,7568,electricity,66413
2030,7569,electricity,69152
2030,7570,electricity,70419
2030,7571,electricity,70788
2030,7572,electricity,70901
2030,7573,electricity,71036
2030,7574,electricity,70345
2030,7575,electricity,69185
2030,7576,electricity,67424
2030,7577,electricity,66539
2030,7578,electricity,68186
2030,7579,electricity,72986
2030,7580,electricity,74563
2030,7581,electricity,70282
2030,7582,electricity,65434
2030,7583,electricity,62465
2030,7584,electricity,64487
2030,7585,electricity,62271
2030,7586,electricity,57885
2030,7587,electricity,56700
2030,7588,electricity,54058
2030,7589,electricity,52779
2030,7590,electricity,54467
2030,7591,electricity,59708
2030,7592,electricity,67317
2030,7593,electricity,70104
2030,7594,electricity,71280
2030,7595,electricity,71224
2030,7596,electricity,70834
2030,7597,electricity,70517
2030,7598,electricity,69566
2030,7599,electricity,68329
2030,7600,electricity,66298
2030,7601,electricity,65592
2030,7602,electricity,67713
2030,7603,electricity,73940
2030,7604,electricity,75995
2030,7605,electricity,71830
2030,7606,electricity,67210
2030,7607,electricity,64526
2030,7608,electricity,66681
2030,7609,electricity,64930
2030,7610,electricity,60636
2030,7611,electricity,59716
2030,7612,electricity,57159
2030,7613,electricity,55805
2030,7614,electricity,57312
2030,7615,electricity,62760
2030,7616,electricity,70516
2030,7617,electricity,72879
2030,7618,electricity,73730
2030,7619,electricity,73982
2030,7620,electricity,73851
2030,7621,electricity,73486
2030,7622,electricity,72571
2030,7623,electricity,71776
2030,7624,electricity,70050
2030,7625,electricity,69582
2030,7626,electricity,71633
2030,7627,electricity,77131
2030,7628,electricity,79046
2030,7629,electricity,74369
2030,7630,electricity,69486
2030,7631,electricity,66506
2030,7632,electricity,68513
2030,7633,electricity,66632
2030,7634,electricity,62326
2030,7635,electricity,61393
2030,7636,electricity,58692
2030,7637,electricity,57294
2030,7638,electricity,59082
2030,7639,electricity,64343
2030,7640,electricity,72320
2030,7641,electricity,74800
2030,7642,electricity,75676
2030,7643,electricity,75974
2030,7644,electricity,75738
2030,7645,electricity,75559
2030,7646,electricity,74892
2030,7647,electricity,73592
2030,7648,electricity,71664
2030,7649,electricity,70600
2030,7650,electricity,72513
2030,7651,electricity,77489
2030,7652,electricity,78472
2030,7653,electricity,74239
2030,7654,electricity,69786
2030,7655,electricity,67621
2030,7656,electricity,69863
2030,7657,electricity,67687
2030,7658,electricity,62945
2030,7659,electricity,61622
2030,7660,electricity,58637
2030,7661,electricity,56833
2030,7662,electricity,56976
2030,7663,electricity,59020
2030,7664,electricity,61677
2030,7665,electricity,63884
2030,7666,electricity,67054
2030,7667,electricity,68728
2030,7668,electricity,68764
2030,7669,electricity,69532
2030,7670,electricity,69237
2030,7671,electricity,66233
2030,7672,electricity,63816
2030,7673,electricity,62947
2030,7674,electricity,65037
2030,7675,electricity,70435
2030,7676,electricity,71939
2030,7677,electricity,68903
2030,7678,electricity,65220
2030,7679,electricity,63858
2030,7680,electricity,67243
2030,7681,electricity,66055
2030,7682,electricity,61911
2030,7683,electricity,60300
2030,7684,electricity,56800
2030,7685,electricity,54360
2030,7686,electricity,53870
2030,7687,electricity,54548
2030,7688,electricity,55788
2030,7689,electricity,56732
2030,7690,electricity,59768
2030,7691,electricity,62732
2030,7692,electricity,64640
2030,7693,electricity,66579
2030,7694,electricity,66650
2030,7695,electricity,63151
2030,7696,electricity,60641
2030,7697,electricity,59835
2030,7698,electricity,61927
2030,7699,electricity,67111
2030,7700,electricity,69537
2030,7701,electricity,67968
2030,7702,electricity,64826
2030,7703,electricity,62846
2030,7704,electricity,65434
2030,7705,electricity,63843
2030,7706,electricity,60290
2030,7707,electricity,59348
2030,7708,electricity,56589
2030,7709,electricity,55185
2030,7710,electricity,57087
2030,7711,electricity,63036
2030,7712,electricity,71332
2030,7713,electricity,74636
2030,7714,electricity,75848
2030,7715,electricity,76632
2030,7716,electricity,77018
2030,7717,electricity,77661
2030,7718,electricity,77293
2030,7719,electricity,76306
2030,7720,electricity,74257
2030,7721,electricity,73432
2030,7722,electricity,75599
2030,7723,electricity,79902
2030,7724,electricity,81240
2030,7725,electricity,76574
2030,7726,electricity,71198
2030,7727,electricity,68128
2030,7728,electricity,70109
2030,7729,electricity,68078
2030,7730,electricity,63680
2030,7731,electricity,62474
2030,7732,electricity,59809
2030,7733,electricity,58238
2030,7734,electricity,59823
2030,7735,electricity,65225
2030,7736,electricity,73337
2030,7737,electricity,76359
2030,7738,electricity,77175
2030,7739,electricity,77628
2030,7740,electricity,77902
2030,7741,electricity,78075
2030,7742,electricity,77469
2030,7743,electricity,76638
2030,7744,electricity,74756
2030,7745,electricity,74301
2030,7746,electricity,76673
2030,7747,electricity,82036
2030,7748,electricity,83494
2030,7749,electricity,78899
2030,7750,electricity,73946
2030,7751,electricity,71797
2030,7752,electricity,74122
2030,7753,electricity,71850
2030,7754,electricity,67291
2030,7755,electricity,66277
2030,7756,electricity,63745
2030,7757,electricity,62421
2030,7758,electricity,64254
2030,7759,electricity,69621
2030,7760,electricity,77515
2030,7761,electricity,80690
2030,7762,electricity,82177
2030,7763,electricity,82407
2030,7764,electricity,82090
2030,7765,electricity,82055
2030,7766,electricity,81600
2030,7767,electricity,80899
2030,7768,electricity,79485
2030,7769,electricity,79392
2030,7770,electricity,81795
2030,7771,electricity,86260
2030,7772,electricity,87675
2030,7773,electricity,82559
2030,7774,electricity,77055
2030,7775,electricity,73980
2030,7776,electricity,75764
2030,7777,electricity,73979
2030,7778,electricity,69529
2030,7779,electricity,68574
2030,7780,electricity,65665
2030,7781,electricity,64131
2030,7782,electricity,65515
2030,7783,electricity,70621
2030,7784,electricity,77852
2030,7785,electricity,80603
2030,7786,electricity,81325
2030,7787,electricity,81877
2030,7788,electricity,81779
2030,7789,electricity,81797
2030,7790,electricity,81059
2030,7791,electricity,79899
2030,7792,electricity,78213
2030,7793,electricity,77899
2030,7794,electricity,80649
2030,7795,electricity,85406
2030,7796,electricity,86750
2030,7797,electricity,81729
2030,7798,electricity,76643
2030,7799,electricity,73599
2030,7800,electricity,75782
2030,7801,electricity,73844
2030,7802,electricity,69935
2030,7803,electricity,69383
2030,7804,electricity,66618
2030,7805,electricity,65220
2030,7806,electricity,67051
2030,7807,electricity,72268
2030,7808,electricity,80569
2030,7809,electricity,83758
2030,7810,electricity,84643
2030,7811,electricity,85083
2030,7812,electricity,84747
2030,7813,electricity,84673
2030,7814,electricity,83941
2030,7815,electricity,82390
2030,7816,electricity,80305
2030,7817,electricity,79490
2030,7818,electricity,81685
2030,7819,electricity,85944
2030,7820,electricity,86530
2030,7821,electricity,82032
2030,7822,electricity,77153
2030,7823,electricity,74662
2030,7824,electricity,76923
2030,7825,electricity,74740
2030,7826,electricity,69989
2030,7827,electricity,68353
2030,7828,electricity,65117
2030,7829,electricity,62807
2030,7830,electricity,62667
2030,7831,electricity,64453
2030,7832,electricity,67197
2030,7833,electricity,69436
2030,7834,electricity,72791
2030,7835,electricity,74690
2030,7836,electricity,74829
2030,7837,electricity,75981
2030,7838,electricity,75929
2030,7839,electricity,73304
2030,7840,electricity,71144
2030,7841,electricity,70101
2030,7842,electricity,72059
2030,7843,electricity,76382
2030,7844,electricity,77389
2030,7845,electricity,74303
2030,7846,electricity,70543
2030,7847,electricity,68979
2030,7848,electricity,72282
2030,7849,electricity,71176
2030,7850,electricity,67113
2030,7851,electricity,65708
2030,7852,electricity,62263
2030,7853,electricity,59613
2030,7854,electricity,58899
2030,7855,electricity,59529
2030,7856,electricity,60796
2030,7857,electricity,61807
2030,7858,electricity,64734
2030,7859,electricity,67532
2030,7860,electricity,68892
2030,7861,electricity,70316
2030,7862,electricity,70197
2030,7863,electricity,66553
2030,7864,electricity,64129
2030,7865,electricity,63437
2030,7866,electricity,65964
2030,7867,electricity,70995
2030,7868,electricity,73351
2030,7869,electricity,72034
2030,7870,electricity,69068
2030,7871,electricity,67047
2030,7872,electricity,69671
2030,7873,electricity,68321
2030,7874,electricity,64863
2030,7875,electricity,64193
2030,7876,electricity,61673
2030,7877,electricity,60161
2030,7878,electricity,62169
2030,7879,electricity,67925
2030,7880,electricity,75311
2030,7881,electricity,78228
2030,7882,electricity,78901
2030,7883,electricity,78853
2030,7884,electricity,78468
2030,7885,electricity,78234
2030,7886,electricity,77619
2030,7887,electricity,76678
2030,7888,electricity,74824
2030,7889,electricity,74624
2030,7890,electricity,77752
2030,7891,electricity,82978
2030,7892,electricity,84606
2030,7893,electricity,80064
2030,7894,electricity,74958
2030,7895,electricity,72148
2030,7896,electricity,74331
2030,7897,electricity,72553
2030,7898,electricity,69106
2030,7899,electricity,68992
2030,7900,electricity,66188
2030,7901,electricity,64716
2030,7902,electricity,66434
2030,7903,electricity,71835
2030,7904,electricity,78724
2030,7905,electricity,81035
2030,7906,electricity,81158
2030,7907,electricity,80990
2030,7908,electricity,80075
2030,7909,electricity,79505
2030,7910,electricity,78659
2030,7911,electricity,77490
2030,7912,electricity,75625
2030,7913,electricity,75278
2030,7914,electricity,78567
2030,7915,electricity,83588
2030,7916,electricity,85309
2030,7917,electricity,81008
2030,7918,electricity,76038
2030,7919,electricity,73249
2030,7920,electricity,75395
2030,7921,electricity,73585
2030,7922,electricity,70369
2030,7923,electricity,70451
2030,7924,electricity,67727
2030,7925,electricity,66119
2030,7926,electricity,67543
2030,7927,electricity,72701
2030,7928,electricity,79020
2030,7929,electricity,81885
2030,7930,electricity,82885
2030,7931,electricity,82832
2030,7932,electricity,82100
2030,7933,electricity,81811
2030,7934,electricity,80560
2030,7935,electricity,78904
2030,7936,electricity,76473
2030,7937,electricity,76068
2030,7938,electricity,79519
2030,7939,electricity,85258
2030,7940,electricity,87108
2030,7941,electricity,82837
2030,7942,electricity,78110
2030,7943,electricity,75489
2030,7944,electricity,77825
2030,7945,electricity,76411
2030,7946,electricity,73607
2030,7947,electricity,73996
2030,7948,electricity,71144
2030,7949,electricity,69584
2030,7950,electricity,71250
2030,7951,electricity,76797
2030,7952,electricity,84686
2030,7953,electricity,87643
2030,7954,electricity,87946
2030,7955,electricity,87379
2030,7956,electricity,86335
2030,7957,electricity,85330
2030,7958,electricity,84038
2030,7959,electricity,82514
2030,7960,electricity,80468
2030,7961,electricity,79978
2030,7962,electricity,82759
2030,7963,electricity,87581
2030,7964,electricity,89088
2030,7965,electricity,84216
2030,7966,electricity,79229
2030,7967,electricity,75882
2030,7968,electricity,77972
2030,7969,electricity,76067
2030,7970,electricity,72097
2030,7971,electricity,71622
2030,7972,electricity,68580
2030,7973,electricity,66916
2030,7974,electricity,68220
2030,7975,electricity,73483
2030,7976,electricity,81595
2030,7977,electricity,84724
2030,7978,electricity,84962
2030,7979,electricity,84753
2030,7980,electricity,83939
2030,7981,electricity,83451
2030,7982,electricity,82426
2030,7983,electricity,80728
2030,7984,electricity,78606
2030,7985,electricity,77730
2030,7986,electricity,80173
2030,7987,electricity,84029
2030,7988,electricity,84476
2030,7989,electricity,80124
2030,7990,electricity,75727
2030,7991,electricity,73203
2030,7992,electricity,75491
2030,7993,electricity,73457
2030,7994,electricity,68805
2030,7995,electricity,67296
2030,7996,electricity,64031
2030,7997,electricity,61848
2030,7998,electricity,61773
2030,7999,electricity,63524
2030,8000,electricity,66381
2030,8001,electricity,68822
2030,8002,electricity,71536
2030,8003,electricity,73092
2030,8004,electricity,72991
2030,8005,electricity,73958
2030,8006,electricity,73941
2030,8007,electricity,71238
2030,8008,electricity,68905
2030,8009,electricity,67953
2030,8010,electricity,70482
2030,8011,electricity,75177
2030,8012,electricity,76445
2030,8013,electricity,73534
2030,8014,electricity,70171
2030,8015,electricity,68907
2030,8016,electricity,72264
2030,8017,electricity,71345
2030,8018,electricity,67722
2030,8019,electricity,66589
2030,8020,electricity,63320
2030,8021,electricity,60907
2030,8022,electricity,60372
2030,8023,electricity,61191
2030,8024,electricity,62608
2030,8025,electricity,63923
2030,8026,electricity,66536
2030,8027,electricity,68664
2030,8028,electricity,69374
2030,8029,electricity,70193
2030,8030,electricity,69727
2030,8031,electricity,65910
2030,8032,electricity,63251
2030,8033,electricity,62716
2030,8034,electricity,66185
2030,8035,electricity,72289
2030,8036,electricity,75158
2030,8037,electricity,74108
2030,8038,electricity,71274
2030,8039,electricity,69445
2030,8040,electricity,72195
2030,8041,electricity,71004
2030,8042,electricity,67592
2030,8043,electricity,66998
2030,8044,electricity,64340
2030,8045,electricity,62756
2030,8046,electricity,64700
2030,8047,electricity,70338
2030,8048,electricity,77877
2030,8049,electricity,81100
2030,8050,electricity,81257
2030,8051,electricity,80837
2030,8052,electricity,80641
2030,8053,electricity,80709
2030,8054,electricity,79919
2030,8055,electricity,78346
2030,8056,electricity,75907
2030,8057,electricity,75188
2030,8058,electricity,78535
2030,8059,electricity,83747
2030,8060,electricity,85727
2030,8061,electricity,81842
2030,8062,electricity,77071
2030,8063,electricity,74294
2030,8064,electricity,76679
2030,8065,electricity,75110
2030,8066,electricity,71776
2030,8067,electricity,71680
2030,8068,electricity,69146
2030,8069,electricity,67690
2030,8070,electricity,69598
2030,8071,electricity,75432
2030,8072,electricity,83031
2030,8073,electricity,86261
2030,8074,electricity,85864
2030,8075,electricity,84853
2030,8076,electricity,83706
2030,8077,electricity,82750
2030,8078,electricity,81076
2030,8079,electricity,79009
2030,8080,electricity,76395
2030,8081,electricity,75765
2030,8082,electricity,79232
2030,8083,electricity,84635
2030,8084,electricity,86596
2030,8085,electricity,82961
2030,8086,electricity,78568
2030,8087,electricity,75939
2030,8088,electricity,78239
2030,8089,electricity,76555
2030,8090,electricity,73183
2030,8091,electricity,73089
2030,8092,electricity,70344
2030,8093,electricity,68785
2030,8094,electricity,70463
2030,8095,electricity,75780
2030,8096,electricity,83498
2030,8097,electricity,87124
2030,8098,electricity,87615
2030,8099,electricity,87110
2030,8100,electricity,86190
2030,8101,electricity,85419
2030,8102,electricity,83867
2030,8103,electricity,82143
2030,8104,electricity,79508
2030,8105,electricity,78619
2030,8106,electricity,81515
2030,8107,electricity,85914
2030,8108,electricity,87217
2030,8109,electricity,83000
2030,8110,electricity,78057
2030,8111,electricity,74882
2030,8112,electricity,76891
2030,8113,electricity,75215
2030,8114,electricity,71482
2030,8115,electricity,70695
2030,8116,electricity,67999
2030,8117,electricity,66307
2030,8118,electricity,67660
2030,8119,electricity,73220
2030,8120,electricity,81336
2030,8121,electricity,84610
2030,8122,electricity,84221
2030,8123,electricity,83944
2030,8124,electricity,83535
2030,8125,electricity,82799
2030,8126,electricity,81890
2030,8127,electricity,80381
2030,8128,electricity,78348
2030,8129,electricity,77830
2030,8130,electricity,80814
2030,8131,electricity,85414
2030,8132,electricity,86783
2030,8133,electricity,82386
2030,8134,electricity,77535
2030,8135,electricity,74245
2030,8136,electricity,76322
2030,8137,electricity,74534
2030,8138,electricity,70340
2030,8139,electricity,69402
2030,8140,electricity,66496
2030,8141,electricity,64854
2030,8142,electricity,66200
2030,8143,electricity,71666
2030,8144,electricity,79484
2030,8145,electricity,82751
2030,8146,electricity,82354
2030,8147,electricity,81539
2030,8148,electricity,80828
2030,8149,electricity,80310
2030,8150,electricity,79350
2030,8151,electricity,77562
2030,8152,electricity,75301
2030,8153,electricity,74465
2030,8154,electricity,77394
2030,8155,electricity,82008
2030,8156,electricity,83024
2030,8157,electricity,79410
2030,8158,electricity,75540
2030,8159,electricity,73320
2030,8160,electricity,75794
2030,8161,electricity,73825
2030,8162,electricity,69334
2030,8163,electricity,68175
2030,8164,electricity,65171
2030,8165,electricity,63120
2030,8166,electricity,63245
2030,8167,electricity,65182
2030,8168,electricity,68062
2030,8169,electricity,71014
2030,8170,electricity,73244
2030,8171,electricity,74065
2030,8172,electricity,73327
2030,8173,electricity,73375
2030,8174,electricity,72709
2030,8175,electricity,69319
2030,8176,electricity,66757
2030,8177,electricity,65620
2030,8178,electricity,68661
2030,8179,electricity,73712
2030,8180,electricity,75538
2030,8181,electricity,73239
2030,8182,electricity,70386
2030,8183,electricity,69413
2030,8184,electricity,73293
2030,8185,electricity,72815
2030,8186,electricity,68827
2030,8187,electricity,67408
2030,8188,electricity,64343
2030,8189,electricity,61920
2030,8190,electricity,61479
2030,8191,electricity,62522
2030,8192,electricity,64073
2030,8193,electricity,65997
2030,8194,electricity,68366
2030,8195,electricity,70200
2030,8196,electricity,70303
2030,8197,electricity,70377
2030,8198,electricity,69234
2030,8199,electricity,64957
2030,8200,electricity,61796
2030,8201,electricity,61001
2030,8202,electricity,64862
2030,8203,electricity,71653
2030,8204,electricity,74988
2030,8205,electricity,74415
2030,8206,electricity,72057
2030,8207,electricity,70566
2030,8208,electricity,73637
2030,8209,electricity,72748
2030,8210,electricity,69735
2030,8211,electricity,69604
2030,8212,electricity,67325
2030,8213,electricity,65972
2030,8214,electricity,68322
2030,8215,electricity,74446
2030,8216,electricity,82984
2030,8217,electricity,87057
2030,8218,electricity,87112
2030,8219,electricity,86111
2030,8220,electricity,84707
2030,8221,electricity,83553
2030,8222,electricity,81809
2030,8223,electricity,79608
2030,8224,electricity,76751
2030,8225,electricity,75972
2030,8226,electricity,79707
2030,8227,electricity,85653
2030,8228,electricity,87942
2030,8229,electricity,84438
2030,8230,electricity,79934
2030,8231,electricity,77445
2030,8232,electricity,79765
2030,8233,electricity,78341
2030,8234,electricity,74606
2030,8235,electricity,74336
2030,8236,electricity,71913
2030,8237,electricity,70635
2030,8238,electricity,72374
2030,8239,electricity,78011
2030,8240,electricity,85549
2030,8241,electricity,88814
2030,8242,electricity,88310
2030,8243,electricity,87006
2030,8244,electricity,85276
2030,8245,electricity,83792
2030,8246,electricity,81807
2030,8247,electricity,79400
2030,8248,electricity,76577
2030,8249,electricity,75926
2030,8250,electricity,79958
2030,8251,electricity,85841
2030,8252,electricity,87860
2030,8253,electricity,84363
2030,8254,electricity,79771
2030,8255,electricity,77082
2030,8256,electricity,79453
2030,8257,electricity,77789
2030,8258,electricity,74737
2030,8259,electricity,74744
2030,8260,electricity,72014
2030,8261,electricity,70426
2030,8262,electricity,72055
2030,8263,electricity,77497
2030,8264,electricity,83966
2030,8265,electricity,87360
2030,8266,electricity,87531
2030,8267,electricity,86593
2030,8268,electricity,85097
2030,8269,electricity,83681
2030,8270,electricity,81901
2030,8271,electricity,79480
2030,8272,electricity,76815
2030,8273,electricity,76152
2030,8274,electricity,79730
2030,8275,electricity,85240
2030,8276,electricity,87129
2030,8277,electricity,83316
2030,8278,electricity,78935
2030,8279,electricity,76131
2030,8280,electricity,78451
2030,8281,electricity,76971
2030,8282,electricity,74183
2030,8283,electricity,74559
2030,8284,electricity,71817
2030,8285,electricity,70127
2030,8286,electricity,71363
2030,8287,electricity,76781
2030,8288,electricity,84109
2030,8289,electricity,87208
2030,8290,electricity,86810
2030,8291,electricity,86145
2030,8292,electricity,85270
2030,8293,electricity,84447
2030,8294,electricity,82992
2030,8295,electricity,81103
2030,8296,electricity,78593
2030,8297,electricity,77925
2030,8298,electricity,81149
2030,8299,electricity,86162
2030,8300,electricity,87958
2030,8301,electricity,83911
2030,8302,electricity,79359
2030,8303,electricity,76451
2030,8304,electricity,78734
2030,8305,electricity,77232
2030,8306,electricity,73984
2030,8307,electricity,73894
2030,8308,electricity,71094
2030,8309,electricity,69518
2030,8310,electricity,70962
2030,8311,electricity,76300
2030,8312,electricity,83202
2030,8313,electricity,86537
2030,8314,electricity,85954
2030,8315,electricity,85249
2030,8316,electricity,84577
2030,8317,electricity,83798
2030,8318,electricity,82616
2030,8319,electricity,80460
2030,8320,electricity,77907
2030,8321,electricity,77219
2030,8322,electricity,80094
2030,8323,electricity,83898
2030,8324,electricity,84429
2030,8325,electricity,80528
2030,8326,electricity,76258
2030,8327,electricity,73693
2030,8328,electricity,75960
2030,8329,electricity,73889
2030,8330,electricity,70345
2030,8331,electricity,69826
2030,8332,electricity,66371
2030,8333,electricity,63893
2030,8334,electricity,63951
2030,8335,electricity,65701
2030,8336,electricity,68645
2030,8337,electricity,71888
2030,8338,electricity,73968
2030,8339,electricity,74915
2030,8340,electricity,74321
2030,8341,electricity,74297
2030,8342,electricity,73600
2030,8343,electricity,70263
2030,8344,electricity,67444
2030,8345,electricity,66500
2030,8346,electricity,69721
2030,8347,electricity,74793
2030,8348,electricity,76650
2030,8349,electricity,74187
2030,8350,electricity,71121
2030,8351,electricity,69912
2030,8352,electricity,73427
2030,8353,electricity,72420
2030,8354,electricity,68527
2030,8355,electricity,67434
2030,8356,electricity,64195
2030,8357,electricity,61545
2030,8358,electricity,60790
2030,8359,electricity,61722
2030,8360,electricity,63211
2030,8361,electricity,64934
2030,8362,electricity,67292
2030,8363,electricity,69516
2030,8364,electricity,70001
2030,8365,electricity,70335
2030,8366,electricity,69319
2030,8367,electricity,65445
2030,8368,electricity,62423
2030,8369,electricity,61460
2030,8370,electricity,64859
2030,8371,electricity,71154
2030,8372,electricity,74214
2030,8373,electricity,73215
2030,8374,electricity,70687
2030,8375,electricity,68862
2030,8376,electricity,71298
2030,8377,electricity,70233
2030,8378,electricity,67000
2030,8379,electricity,66370
2030,8380,electricity,63916
2030,8381,electricity,62375
2030,8382,electricity,64455
2030,8383,electricity,70479
2030,8384,electricity,78381
2030,8385,electricity,82294
2030,8386,electricity,81798
2030,8387,electricity,80671
2030,8388,electricity,79192
2030,8389,electricity,78109
2030,8390,electricity,76564
2030,8391,electricity,74625
2030,8392,electricity,72114
2030,8393,electricity,71359
2030,8394,electricity,74785
2030,8395,electricity,79945
2030,8396,electricity,81849
2030,8397,electricity,78103
2030,8398,electricity,73451
2030,8399,electricity,70601
2030,8400,electricity,72799
2030,8401,electricity,71186
2030,8402,electricity,67586
2030,8403,electricity,67202
2030,8404,electricity,64530
2030,8405,electricity,62918
2030,8406,electricity,64391
2030,8407,electricity,70129
2030,8408,electricity,78197
2030,8409,electricity,81721
2030,8410,electricity,80791
2030,8411,electricity,79752
2030,8412,electricity,78753
2030,8413,electricity,77816
2030,8414,electricity,76555
2030,8415,electricity,75011
2030,8416,electricity,72960
2030,8417,electricity,72637
2030,8418,electricity,75997
2030,8419,electricity,80188
2030,8420,electricity,81631
2030,8421,electricity,77785
2030,8422,electricity,72909
2030,8423,electricity,69943
2030,8424,electricity,71835
2030,8425,electricity,69878
2030,8426,electricity,65964
2030,8427,electricity,65326
2030,8428,electricity,62308
2030,8429,electricity,60476
2030,8430,electricity,61917
2030,8431,electricity,67172
2030,8432,electricity,74230
2030,8433,electricity,78131
2030,8434,electricity,78168
2030,8435,electricity,77635
2030,8436,electricity,77104
2030,8437,electricity,76611
2030,8438,electricity,75664
2030,8439,electricity,74380
2030,8440,electricity,72322
2030,8441,electricity,71465
2030,8442,electricity,74473
2030,8443,electricity,78666
2030,8444,electricity,80185
2030,8445,electricity,76224
2030,8446,electricity,71555
2030,8447,electricity,68311
2030,8448,electricity,70240
2030,8449,electricity,68349
2030,8450,electricity,64432
2030,8451,electricity,63652
2030,8452,electricity,60658
2030,8453,electricity,58597
2030,8454,electricity,59616
2030,8455,electricity,64798
2030,8456,electricity,72681
2030,8457,electricity,76825
2030,8458,electricity,76296
2030,8459,electricity,76276
2030,8460,electricity,76346
2030,8461,electricity,76336
2030,8462,electricity,75634
2030,8463,electricity,74556
2030,8464,electricity,72700
2030,8465,electricity,72140
2030,8466,electricity,74991
2030,8467,electricity,79218
2030,8468,electricity,80430
2030,8469,electricity,76678
2030,8470,electricity,72302
2030,8471,electricity,69234
2030,8472,electricity,71336
2030,8473,electricity,69565
2030,8474,electricity,65370
2030,8475,electricity,64434
2030,8476,electricity,61700
2030,8477,electricity,60228
2030,8478,electricity,61752
2030,8479,electricity,67065
2030,8480,electricity,75186
2030,8481,electricity,79823
2030,8482,electricity,79423
2030,8483,electricity,78826
2030,8484,electricity,77746
2030,8485,electricity,76544
2030,8486,electricity,75160
2030,8487,electricity,72917
2030,8488,electricity,70438
2030,8489,electricity,69495
2030,8490,electricity,72651
2030,8491,electricity,77920
2030,8492,electricity,79063
2030,8493,electricity,75818
2030,8494,electricity,72096
2030,8495,electricity,70118
2030,8496,electricity,72637
2030,8497,electricity,70765
2030,8498,electricity,66407
2030,8499,electricity,65021
2030,8500,electricity,62001
2030,8501,electricity,59862
2030,8502,electricity,59981
2030,8503,electricity,61932
2030,8504,electricity,64647
2030,8505,electricity,67626
2030,8506,electricity,69943
2030,8507,electricity,71217
2030,8508,electricity,71242
2030,8509,electricity,71997
2030,8510,electricity,71905
2030,8511,electricity,69050
2030,8512,electricity,66621
2030,8513,electricity,65527
2030,8514,electricity,68129
2030,8515,electricity,72596
2030,8516,electricity,73846
2030,8517,electricity,71199
2030,8518,electricity,67838
2030,8519,electricity,66090
2030,8520,electricity,68980
2030,8521,electricity,67453
2030,8522,electricity,63432
2030,8523,electricity,61911
2030,8524,electricity,58373
2030,8525,electricity,55695
2030,8526,electricity,54974
2030,8527,electricity,55819
2030,8528,electricity,57130
2030,8529,electricity,59064
2030,8530,electricity,61099
2030,8531,electricity,63734
2030,8532,electricity,65009
2030,8533,electricity,66462
2030,8534,electricity,66268
2030,8535,electricity,62955
2030,8536,electricity,60444
2030,8537,electricity,59408
2030,8538,electricity,61707
2030,8539,electricity,66130
2030,8540,electricity,68001
2030,8541,electricity,66749
2030,8542,electricity,64171
2030,8543,electricity,62346
2030,8544,electricity,65083
2030,8545,electricity,63618
2030,8546,electricity,59741
2030,8547,electricity,58888
2030,8548,electricity,56129
2030,8549,electricity,54345
2030,8550,electricity,55229
2030,8551,electricity,58842
2030,8552,electricity,63981
2030,8553,electricity,68369
2030,8554,electricity,69812
2030,8555,electricity,70307
2030,8556,electricity,70112
2030,8557,electricity,70300
2030,8558,electricity,69821
2030,8559,electricity,68353
2030,8560,electricity,66007
2030,8561,electricity,64980
2030,8562,electricity,67255
2030,8563,electricity,71042
2030,8564,electricity,72282
2030,8565,electricity,69346
2030,8566,electricity,65504
2030,8567,electricity,63106
2030,8568,electricity,65340
2030,8569,electricity,63325
2030,8570,electricity,59254
2030,8571,electricity,58098
2030,8572,electricity,55122
2030,8573,electricity,52972
2030,8574,electricity,53483
2030,8575,electricity,56508
2030,8576,electricity,60794
2030,8577,electricity,64469
2030,8578,electricity,66318
2030,8579,electricity,67510
2030,8580,electricity,67908
2030,8581,electricity,68484
2030,8582,electricity,68703
2030,8583,electricity,67203
2030,8584,electricity,64857
2030,8585,electricity,63470
2030,8586,electricity,64837
2030,8587,electricity,66608
2030,8588,electricity,64912
2030,8589,electricity,61263
2030,8590,electricity,58282
2030,8591,electricity,57411
2030,8592,electricity,61177
2030,8593,electricity,60996
2030,8594,electricity,57943
2030,8595,electricity,56743
2030,8596,electricity,52884
2030,8597,electricity,49581
2030,8598,electricity,48374
2030,8599,electricity,48803
2030,8600,electricity,49573
2030,8601,electricity,50680
2030,8602,electricity,51968
2030,8603,electricity,54509
2030,8604,electricity,56434
2030,8605,electricity,57421
2030,8606,electricity,57695
2030,8607,electricity,54658
2030,8608,electricity,52557
2030,8609,electricity,52129
2030,8610,electricity,54848
2030,8611,electricity,58872
2030,8612,electricity,60720
2030,8613,electricity,60713
2030,8614,electricity,59540
2030,8615,electricity,58844
2030,8616,electricity,61864
2030,8617,electricity,60461
2030,8618,electricity,56994
2030,8619,electricity,56398
2030,8620,electricity,53839
2030,8621,electricity,52312
2030,8622,electricity,53193
2030,8623,electricity,56281
2030,8624,electricity,60048
2030,8625,electricity,63483
2030,8626,electricity,65674
2030,8627,electricity,67682
2030,8628,electricity,68463
2030,8629,electricity,69396
2030,8630,electricity,68942
2030,8631,electricity,66778
2030,8632,electricity,64456
2030,8633,electricity,63594
2030,8634,electricity,66285
2030,8635,electricity,71307
2030,8636,electricity,72667
2030,8637,electricity,70098
2030,8638,electricity,66623
2030,8639,electricity,64675
2030,8640,electricity,67325
2030,8641,electricity,65696
2030,8642,electricity,61965
2030,8643,electricity,61120
2030,8644,electricity,58261
2030,8645,electricity,56285
2030,8646,electricity,56728
2030,8647,electricity,59446
2030,8648,electricity,62933
2030,8649,electricity,66049
2030,8650,electricity,67613
2030,8651,electricity,68949
2030,8652,electricity,69308
2030,8653,electricity,70011
2030,8654,electricity,69438
2030,8655,electricity,67125
2030,8656,electricity,64525
2030,8657,electricity,63372
2030,8658,electricity,65615
2030,8659,electricity,70005
2030,8660,electricity,70981
2030,8661,electricity,67986
2030,8662,electricity,64491
2030,8663,electricity,62447
2030,8664,electricity,64989
2030,8665,electricity,63383
2030,8666,electricity,59093
2030,8667,electricity,57904
2030,8668,electricity,54698
2030,8669,electricity,52430
2030,8670,electricity,52124
2030,8671,electricity,53526
2030,8672,electricity,55484
2030,8673,electricity,57924
2030,8674,electricity,60131
2030,8675,electricity,62726
2030,8676,electricity,64069
2030,8677,electricity,65707
2030,8678,electricity,66554
2030,8679,electricity,64195
2030,8680,electricity,62327
2030,8681,electricity,61519
2030,8682,electricity,63430
2030,8683,electricity,67977
2030,8684,electricity,69771
2030,8685,electricity,67534
2030,8686,electricity,64604
2030,8687,electricity,63306
2030,8688,electricity,66561
2030,8689,electricity,65394
2030,8690,electricity,61766
2030,8691,electricity,60776
2030,8692,electricity,57535
2030,8693,electricity,55111
2030,8694,electricity,54579
2030,8695,electricity,55444
2030,8696,electricity,56770
2030,8697,electricity,58416
2030,8698,electricity,60205
2030,8699,electricity,62423
2030,8700,electricity,63411
2030,8701,electricity,64344
2030,8702,electricity,64065
2030,8703,electricity,60629
2030,8704,electricity,57820
2030,8705,electricity,56907
2030,8706,electricity,59777
2030,8707,electricity,66194
2030,8708,electricity,69076
2030,8709,electricity,68592
2030,8710,electricity,66423
2030,8711,electricity,65212
2030,8712,electricity,68283
2030,8713,electricity,66942
2030,8714,electricity,63484
2030,8715,electricity,62716
2030,8716,electricity,59937
2030,8717,electricity,58211
2030,8718,electricity,59109
2030,8719,electricity,62288
2030,8720,electricity,66342
2030,8721,electricity,69859
2030,8722,electricity,71494
2030,8723,electricity,72805
2030,8724,electricity,73120
2030,8725,electricity,73927
2030,8726,electricity,73826
2030,8727,electricity,71887
2030,8728,electricity,69411
2030,8729,electricity,68454
2030,8730,electricity,70672
2030,8731,electricity,75400
2030,8732,electricity,76791
2030,8733,electricity,73710
2030,8734,electricity,69758
2030,8735,electricity,67577
2030,8736,electricity,70031
2030,8737,electricity,68309
2030,8738,electricity,64472
2030,8739,electricity,63428
2030,8740,electricity,60534
2030,8741,electricity,58629
2030,8742,electricity,59180
2030,8743,electricity,61826
2030,8744,electricity,65664
2030,8745,electricity,68910
2030,8746,electricity,70472
2030,8747,electricity,71509
2030,8748,electricity,71432
2030,8749,electricity,72003
2030,8750,electricity,72240
2030,8751,electricity,70255
2030,8752,electricity,67555
2030,8753,electricity,66364
2030,8754,electricity,68548
2030,8755,electricity,72558
2030,8756,electricity,71913
2030,8757,electricity,68282
2030,8758,electricity,64864
2030,8759,electricity,63896
2030,8760,electricity,33944
2040,1,electricity,93823
2040,2,electricity,90675
2040,3,electricity,90028
2040,4,electricity,86328
2040,5,electricity,82798
2040,6,electricity,81424
2040,7,electricity,81588
2040,8,electricity,81789
2040,9,electricity,81834
2040,10,electricity,81889
2040,11,electricity,83207
2040,12,electricity,84216
2040,13,electricity,85355
2040,14,electricity,85781
2040,15,electricity,81780
2040,16,electricity,78483
2040,17,electricity,77818
2040,18,electricity,81248
2040,19,electricity,88378
2040,20,electricity,91510
2040,21,electricity,91098
2040,22,electricity,88517
2040,23,electricity,86784
2040,24,electricity,90113
2040,25,electricity,88354
2040,26,electricity,84148
2040,27,electricity,83419
2040,28,electricity,80221
2040,29,electricity,78053
2040,30,electricity,78700
2040,31,electricity,81849
2040,32,electricity,85154
2040,33,electricity,87992
2040,34,electricity,89891
2040,35,electricity,91901
2040,36,electricity,92638
2040,37,electricity,93716
2040,38,electricity,93215
2040,39,electricity,89868
2040,40,electricity,86287
2040,41,electricity,84577
2040,42,electricity,87107
2040,43,electricity,93380
2040,44,electricity,95259
2040,45,electricity,92177
2040,46,electricity,87864
2040,47,electricity,85446
2040,48,electricity,88800
2040,49,electricity,86939
2040,50,electricity,82354
2040,51,electricity,80999
2040,52,electricity,77109
2040,53,electricity,74277
2040,54,electricity,73938
2040,55,electricity,75473
2040,56,electricity,77497
2040,57,electricity,79885
2040,58,electricity,82260
2040,59,electricity,84836
2040,60,electricity,85853
2040,61,electricity,87128
2040,62,electricity,87338
2040,63,electricity,83950
2040,64,electricity,80607
2040,65,electricity,78740
2040,66,electricity,80001
2040,67,electricity,84812
2040,68,electricity,86420
2040,69,electricity,83341
2040,70,electricity,79253
2040,71,electricity,77058
2040,72,electricity,80585
2040,73,electricity,79095
2040,74,electricity,74397
2040,75,electricity,72666
2040,76,electricity,68626
2040,77,electricity,65561
2040,78,electricity,64521
2040,79,electricity,65386
2040,80,electricity,66750
2040,81,electricity,68599
2040,82,electricity,70538
2040,83,electricity,73859
2040,84,electricity,76175
2040,85,electricity,78719
2040,86,electricity,79396
2040,87,electricity,75488
2040,88,electricity,72364
2040,89,electricity,71204
2040,90,electricity,73992
2040,91,electricity,81723
2040,92,electricity,85611
2040,93,electricity,84421
2040,94,electricity,81210
2040,95,electricity,79055
2040,96,electricity,82568
2040,97,electricity,81463
2040,98,electricity,77875
2040,99,electricity,77405
2040,100,electricity,74375
2040,101,electricity,72591
2040,102,electricity,74612
2040,103,electricity,81193
2040,104,electricity,91192
2040,105,electricity,96857
2040,106,electricity,97517
2040,107,electricity,97948
2040,108,electricity,97897
2040,109,electricity,98006
2040,110,electricity,97237
2040,111,electricity,95294
2040,112,electricity,92112
2040,113,electricity,91291
2040,114,electricity,94026
2040,115,electricity,100833
2040,116,electricity,103683
2040,117,electricity,99216
2040,118,electricity,93575
2040,119,electricity,90148
2040,120,electricity,92845
2040,121,electricity,91148
2040,122,electricity,86508
2040,123,electricity,85721
2040,124,electricity,82622
2040,125,electricity,80686
2040,126,electricity,82394
2040,127,electricity,88750
2040,128,electricity,98436
2040,129,electricity,103717
2040,130,electricity,103943
2040,131,electricity,103647
2040,132,electricity,103444
2040,133,electricity,103242
2040,134,electricity,101930
2040,135,electricity,99934
2040,136,electricity,96842
2040,137,electricity,95731
2040,138,electricity,97942
2040,139,electricity,103800
2040,140,electricity,105770
2040,141,electricity,100939
2040,142,electricity,94733
2040,143,electricity,90719
2040,144,electricity,93070
2040,145,electricity,91023
2040,146,electricity,86289
2040,147,electricity,85360
2040,148,electricity,82031
2040,149,electricity,79990
2040,150,electricity,81823
2040,151,electricity,88118
2040,152,electricity,97481
2040,153,electricity,103172
2040,154,electricity,103178
2040,155,electricity,102367
2040,156,electricity,101619
2040,157,electricity,101197
2040,158,electricity,100026
2040,159,electricity,97593
2040,160,electricity,94405
2040,161,electricity,93133
2040,162,electricity,95048
2040,163,electricity,101238
2040,164,electricity,103569
2040,165,electricity,98802
2040,166,electricity,93242
2040,167,electricity,89694
2040,168,electricity,91898
2040,169,electricity,89782
2040,170,electricity,84799
2040,171,electricity,83632
2040,172,electricity,80061
2040,173,electricity,77754
2040,174,electricity,79060
2040,175,electricity,85095
2040,176,electricity,94521
2040,177,electricity,99106
2040,178,electricity,98765
2040,179,electricity,98123
2040,180,electricity,97754
2040,181,electricity,97209
2040,182,electricity,96147
2040,183,electricity,93953
2040,184,electricity,90896
2040,185,electricity,89395
2040,186,electricity,91294
2040,187,electricity,97246
2040,188,electricity,99294
2040,189,electricity,94708
2040,190,electricity,89162
2040,191,electricity,85476
2040,192,electricity,87898
2040,193,electricity,85689
2040,194,electricity,80841
2040,195,electricity,79583
2040,196,electricity,76388
2040,197,electricity,74419
2040,198,electricity,75608
2040,199,electricity,81418
2040,200,electricity,90521
2040,201,electricity,95375
2040,202,electricity,94692
2040,203,electricity,94178
2040,204,electricity,94081
2040,205,electricity,93620
2040,206,electricity,92162
2040,207,electricity,89696
2040,208,electricity,86724
2040,209,electricity,84869
2040,210,electricity,85817
2040,211,electricity,90903
2040,212,electricity,91951
2040,213,electricity,87624
2040,214,electricity,82532
2040,215,electricity,79309
2040,216,electricity,81667
2040,217,electricity,79124
2040,218,electricity,73301
2040,219,electricity,71186
2040,220,electricity,67096
2040,221,electricity,64318
2040,222,electricity,63893
2040,223,electricity,65844
2040,224,electricity,68757
2040,225,electricity,72021
2040,226,electricity,74514
2040,227,electricity,76329
2040,228,electricity,76897
2040,229,electricity,77949
2040,230,electricity,77956
2040,231,electricity,74810
2040,232,electricity,71912
2040,233,electricity,70317
2040,234,electricity,71827
2040,235,electricity,78029
2040,236,electricity,80392
2040,237,electricity,77570
2040,238,electricity,74215
2040,239,electricity,72648
2040,240,electricity,76805
2040,241,electricity,75854
2040,242,electricity,71143
2040,243,electricity,69426
2040,244,electricity,65442
2040,245,electricity,62677
2040,246,electricity,62309
2040,247,electricity,63629
2040,248,electricity,65582
2040,249,electricity,67994
2040,250,electricity,71075
2040,251,electricity,74588
2040,252,electricity,76153
2040,253,electricity,77731
2040,254,electricity,77488
2040,255,electricity,73150
2040,256,electricity,69649
2040,257,electricity,68404
2040,258,electricity,71047
2040,259,electricity,79559
2040,260,electricity,84023
2040,261,electricity,82950
2040,262,electricity,80243
2040,263,electricity,78098
2040,264,electricity,81647
2040,265,electricity,80534
2040,266,electricity,76393
2040,267,electricity,75747
2040,268,electricity,72700
2040,269,electricity,70894
2040,270,electricity,73334
2040,271,electricity,80391
2040,272,electricity,90311
2040,273,electricity,95791
2040,274,electricity,95940
2040,275,electricity,95429
2040,276,electricity,94864
2040,277,electricity,94111
2040,278,electricity,92512
2040,279,electricity,90159
2040,280,electricity,86981
2040,281,electricity,85789
2040,282,electricity,87482
2040,283,electricity,94689
2040,284,electricity,97435
2040,285,electricity,93030
2040,286,electricity,87447
2040,287,electricity,83938
2040,288,electricity,86717
2040,289,electricity,84763
2040,290,electricity,79571
2040,291,electricity,78320
2040,292,electricity,75168
2040,293,electricity,73065
2040,294,electricity,74847
2040,295,electricity,81182
2040,296,electricity,90919
2040,297,electricity,95695
2040,298,electricity,95054
2040,299,electricity,94253
2040,300,electricity,93584
2040,301,electricity,93090
2040,302,electricity,91547
2040,303,electricity,89509
2040,304,electricity,86675
2040,305,electricity,85396
2040,306,electricity,86915
2040,307,electricity,93298
2040,308,electricity,95831
2040,309,electricity,91207
2040,310,electricity,85687
2040,311,electricity,82312
2040,312,electricity,85007
2040,313,electricity,83083
2040,314,electricity,77975
2040,315,electricity,76982
2040,316,electricity,73964
2040,317,electricity,72046
2040,318,electricity,73789
2040,319,electricity,79722
2040,320,electricity,89154
2040,321,electricity,94502
2040,322,electricity,94670
2040,323,electricity,94459
2040,324,electricity,94286
2040,325,electricity,93601
2040,326,electricity,92006
2040,327,electricity,90055
2040,328,electricity,87158
2040,329,electricity,85849
2040,330,electricity,87655
2040,331,electricity,94634
2040,332,electricity,97405
2040,333,electricity,92754
2040,334,electricity,87036
2040,335,electricity,83402
2040,336,electricity,86147
2040,337,electricity,84179
2040,338,electricity,79551
2040,339,electricity,78444
2040,340,electricity,75105
2040,341,electricity,72786
2040,342,electricity,74150
2040,343,electricity,80244
2040,344,electricity,89598
2040,345,electricity,94250
2040,346,electricity,94004
2040,347,electricity,93809
2040,348,electricity,93908
2040,349,electricity,93985
2040,350,electricity,93063
2040,351,electricity,91289
2040,352,electricity,88579
2040,353,electricity,87166
2040,354,electricity,88714
2040,355,electricity,94475
2040,356,electricity,96525
2040,357,electricity,91508
2040,358,electricity,85915
2040,359,electricity,81938
2040,360,electricity,84521
2040,361,electricity,82646
2040,362,electricity,77581
2040,363,electricity,76385
2040,364,electricity,72923
2040,365,electricity,71060
2040,366,electricity,72682
2040,367,electricity,78790
2040,368,electricity,88017
2040,369,electricity,93281
2040,370,electricity,93293
2040,371,electricity,93626
2040,372,electricity,93759
2040,373,electricity,93555
2040,374,electricity,92794
2040,375,electricity,90937
2040,376,electricity,88402
2040,377,electricity,87177
2040,378,electricity,88305
2040,379,electricity,93996
2040,380,electricity,95622
2040,381,electricity,91415
2040,382,electricity,86624
2040,383,electricity,83866
2040,384,electricity,87158
2040,385,electricity,85050
2040,386,electricity,80105
2040,387,electricity,78633
2040,388,electricity,75156
2040,389,electricity,72723
2040,390,electricity,72965
2040,391,electricity,75411
2040,392,electricity,78829
2040,393,electricity,82747
2040,394,electricity,86132
2040,395,electricity,87860
2040,396,electricity,87551
2040,397,electricity,87970
2040,398,electricity,87166
2040,399,electricity,82988
2040,400,electricity,79396
2040,401,electricity,77925
2040,402,electricity,79702
2040,403,electricity,87731
2040,404,electricity,90986
2040,405,electricity,88530
2040,406,electricity,84926
2040,407,electricity,83626
2040,408,electricity,88123
2040,409,electricity,87392
2040,410,electricity,82971
2040,411,electricity,81542
2040,412,electricity,77589
2040,413,electricity,75032
2040,414,electricity,74030
2040,415,electricity,75177
2040,416,electricity,76861
2040,417,electricity,78831
2040,418,electricity,81682
2040,419,electricity,84798
2040,420,electricity,86321
2040,421,electricity,87625
2040,422,electricity,86979
2040,423,electricity,82259
2040,424,electricity,78686
2040,425,electricity,77282
2040,426,electricity,79180
2040,427,electricity,87288
2040,428,electricity,91683
2040,429,electricity,90386
2040,430,electricity,86919
2040,431,electricity,84348
2040,432,electricity,87690
2040,433,electricity,86566
2040,434,electricity,82550
2040,435,electricity,81981
2040,436,electricity,78996
2040,437,electricity,77085
2040,438,electricity,79075
2040,439,electricity,85887
2040,440,electricity,95141
2040,441,electricity,100376
2040,442,electricity,101024
2040,443,electricity,101703
2040,444,electricity,102008
2040,445,electricity,102449
2040,446,electricity,101801
2040,447,electricity,100281
2040,448,electricity,97533
2040,449,electricity,96519
2040,450,electricity,97697
2040,451,electricity,103504
2040,452,electricity,106176
2040,453,electricity,101038
2040,454,electricity,94874
2040,455,electricity,91363
2040,456,electricity,94099
2040,457,electricity,92349
2040,458,electricity,87973
2040,459,electricity,87460
2040,460,electricity,84451
2040,461,electricity,82611
2040,462,electricity,84280
2040,463,electricity,90888
2040,464,electricity,100122
2040,465,electricity,104822
2040,466,electricity,104964
2040,467,electricity,105009
2040,468,electricity,104860
2040,469,electricity,104475
2040,470,electricity,103292
2040,471,electricity,101271
2040,472,electricity,98441
2040,473,electricity,97456
2040,474,electricity,99064
2040,475,electricity,105852
2040,476,electricity,108931
2040,477,electricity,103772
2040,478,electricity,97718
2040,479,electricity,93951
2040,480,electricity,96465
2040,481,electricity,94511
2040,482,electricity,90569
2040,483,electricity,90259
2040,484,electricity,86898
2040,485,electricity,84883
2040,486,electricity,86422
2040,487,electricity,92525
2040,488,electricity,100691
2040,489,electricity,105388
2040,490,electricity,105898
2040,491,electricity,106005
2040,492,electricity,105984
2040,493,electricity,105804
2040,494,electricity,104552
2040,495,electricity,102940
2040,496,electricity,100029
2040,497,electricity,98696
2040,498,electricity,99421
2040,499,electricity,105438
2040,500,electricity,108050
2040,501,electricity,103055
2040,502,electricity,97021
2040,503,electricity,93366
2040,504,electricity,96001
2040,505,electricity,94117
2040,506,electricity,90110
2040,507,electricity,90152
2040,508,electricity,86846
2040,509,electricity,84732
2040,510,electricity,86375
2040,511,electricity,92678
2040,512,electricity,101673
2040,513,electricity,106055
2040,514,electricity,105963
2040,515,electricity,105776
2040,516,electricity,105481
2040,517,electricity,105003
2040,518,electricity,103680
2040,519,electricity,101660
2040,520,electricity,98913
2040,521,electricity,97910
2040,522,electricity,99230
2040,523,electricity,106013
2040,524,electricity,109235
2040,525,electricity,104369
2040,526,electricity,98697
2040,527,electricity,95097
2040,528,electricity,97914
2040,529,electricity,96050
2040,530,electricity,92231
2040,531,electricity,92006
2040,532,electricity,88644
2040,533,electricity,86438
2040,534,electricity,88262
2040,535,electricity,94494
2040,536,electricity,103277
2040,537,electricity,108139
2040,538,electricity,108510
2040,539,electricity,108508
2040,540,electricity,108249
2040,541,electricity,107328
2040,542,electricity,105759
2040,543,electricity,102815
2040,544,electricity,99464
2040,545,electricity,97781
2040,546,electricity,99169
2040,547,electricity,105930
2040,548,electricity,108377
2040,549,electricity,104058
2040,550,electricity,98948
2040,551,electricity,96251
2040,552,electricity,99153
2040,553,electricity,97022
2040,554,electricity,92439
2040,555,electricity,91463
2040,556,electricity,87494
2040,557,electricity,84796
2040,558,electricity,84478
2040,559,electricity,86462
2040,560,electricity,89360
2040,561,electricity,92688
2040,562,electricity,95932
2040,563,electricity,97758
2040,564,electricity,97528
2040,565,electricity,97791
2040,566,electricity,97098
2040,567,electricity,93270
2040,568,electricity,89596
2040,569,electricity,87774
2040,570,electricity,88411
2040,571,electricity,95283
2040,572,electricity,98748
2040,573,electricity,95838
2040,574,electricity,91793
2040,575,electricity,90301
2040,576,electricity,94562
2040,577,electricity,93485
2040,578,electricity,89294
2040,579,electricity,88154
2040,580,electricity,84391
2040,581,electricity,81355
2040,582,electricity,80616
2040,583,electricity,81582
2040,584,electricity,83062
2040,585,electricity,84984
2040,586,electricity,87980
2040,587,electricity,90807
2040,588,electricity,92048
2040,589,electricity,92756
2040,590,electricity,91452
2040,591,electricity,86337
2040,592,electricity,82456
2040,593,electricity,80893
2040,594,electricity,82110
2040,595,electricity,90108
2040,596,electricity,95358
2040,597,electricity,94048
2040,598,electricity,90619
2040,599,electricity,88132
2040,600,electricity,91396
2040,601,electricity,89908
2040,602,electricity,86067
2040,603,electricity,85520
2040,604,electricity,82395
2040,605,electricity,80213
2040,606,electricity,81995
2040,607,electricity,88404
2040,608,electricity,96998
2040,609,electricity,101326
2040,610,electricity,101625
2040,611,electricity,102143
2040,612,electricity,102610
2040,613,electricity,103113
2040,614,electricity,102470
2040,615,electricity,100676
2040,616,electricity,97706
2040,617,electricity,96197
2040,618,electricity,96676
2040,619,electricity,101793
2040,620,electricity,104339
2040,621,electricity,99396
2040,622,electricity,93161
2040,623,electricity,89536
2040,624,electricity,92160
2040,625,electricity,89953
2040,626,electricity,86001
2040,627,electricity,85602
2040,628,electricity,82330
2040,629,electricity,80107
2040,630,electricity,81639
2040,631,electricity,88159
2040,632,electricity,96854
2040,633,electricity,100946
2040,634,electricity,100856
2040,635,electricity,100753
2040,636,electricity,100741
2040,637,electricity,100569
2040,638,electricity,99853
2040,639,electricity,98026
2040,640,electricity,95054
2040,641,electricity,93728
2040,642,electricity,94409
2040,643,electricity,100591
2040,644,electricity,103933
2040,645,electricity,99103
2040,646,electricity,92911
2040,647,electricity,89326
2040,648,electricity,92144
2040,649,electricity,90259
2040,650,electricity,86060
2040,651,electricity,85621
2040,652,electricity,82155
2040,653,electricity,79932
2040,654,electricity,81351
2040,655,electricity,87532
2040,656,electricity,96691
2040,657,electricity,101282
2040,658,electricity,101763
2040,659,electricity,101475
2040,660,electricity,101542
2040,661,electricity,101739
2040,662,electricity,101052
2040,663,electricity,99530
2040,664,electricity,96431
2040,665,electricity,94991
2040,666,electricity,95130
2040,667,electricity,100785
2040,668,electricity,104062
2040,669,electricity,98959
2040,670,electricity,92950
2040,671,electricity,89355
2040,672,electricity,91798
2040,673,electricity,90061
2040,674,electricity,85490
2040,675,electricity,84261
2040,676,electricity,80911
2040,677,electricity,78719
2040,678,electricity,80190
2040,679,electricity,86211
2040,680,electricity,95686
2040,681,electricity,99820
2040,682,electricity,100054
2040,683,electricity,100481
2040,684,electricity,101240
2040,685,electricity,101944
2040,686,electricity,101766
2040,687,electricity,100682
2040,688,electricity,98145
2040,689,electricity,96543
2040,690,electricity,96866
2040,691,electricity,101741
2040,692,electricity,104106
2040,693,electricity,99190
2040,694,electricity,93072
2040,695,electricity,89715
2040,696,electricity,92589
2040,697,electricity,90767
2040,698,electricity,86325
2040,699,electricity,85419
2040,700,electricity,82587
2040,701,electricity,80895
2040,702,electricity,82795
2040,703,electricity,88936
2040,704,electricity,98097
2040,705,electricity,102588
2040,706,electricity,103146
2040,707,electricity,103506
2040,708,electricity,103327
2040,709,electricity,103089
2040,710,electricity,101753
2040,711,electricity,99091
2040,712,electricity,95684
2040,713,electricity,94140
2040,714,electricity,94704
2040,715,electricity,100461
2040,716,electricity,103455
2040,717,electricity,99085
2040,718,electricity,93913
2040,719,electricity,90849
2040,720,electricity,93743
2040,721,electricity,91744
2040,722,electricity,86668
2040,723,electricity,85244
2040,724,electricity,81359
2040,725,electricity,78821
2040,726,electricity,78817
2040,727,electricity,80632
2040,728,electricity,83733
2040,729,electricity,86858
2040,730,electricity,90147
2040,731,electricity,91772
2040,732,electricity,91668
2040,733,electricity,92349
2040,734,electricity,92490
2040,735,electricity,89081
2040,736,electricity,86191
2040,737,electricity,84989
2040,738,electricity,86094
2040,739,electricity,92359
2040,740,electricity,96412
2040,741,electricity,93383
2040,742,electricity,89209
2040,743,electricity,87558
2040,744,electricity,91567
2040,745,electricity,90709
2040,746,electricity,86500
2040,747,electricity,85187
2040,748,electricity,81170
2040,749,electricity,78106
2040,750,electricity,77338
2040,751,electricity,78304
2040,752,electricity,79680
2040,753,electricity,81443
2040,754,electricity,84653
2040,755,electricity,87927
2040,756,electricity,89930
2040,757,electricity,91590
2040,758,electricity,91480
2040,759,electricity,87314
2040,760,electricity,84093
2040,761,electricity,82873
2040,762,electricity,83790
2040,763,electricity,90318
2040,764,electricity,95972
2040,765,electricity,94908
2040,766,electricity,91533
2040,767,electricity,88845
2040,768,electricity,92134
2040,769,electricity,90796
2040,770,electricity,86789
2040,771,electricity,86350
2040,772,electricity,83302
2040,773,electricity,81342
2040,774,electricity,83429
2040,775,electricity,90192
2040,776,electricity,99970
2040,777,electricity,104693
2040,778,electricity,105267
2040,779,electricity,105036
2040,780,electricity,103897
2040,781,electricity,103118
2040,782,electricity,102145
2040,783,electricity,100326
2040,784,electricity,97370
2040,785,electricity,96113
2040,786,electricity,97018
2040,787,electricity,103635
2040,788,electricity,108743
2040,789,electricity,104298
2040,790,electricity,98317
2040,791,electricity,94873
2040,792,electricity,97650
2040,793,electricity,96166
2040,794,electricity,91640
2040,795,electricity,90959
2040,796,electricity,87792
2040,797,electricity,86106
2040,798,electricity,87786
2040,799,electricity,94222
2040,800,electricity,103009
2040,801,electricity,107086
2040,802,electricity,107717
2040,803,electricity,107770
2040,804,electricity,107365
2040,805,electricity,106933
2040,806,electricity,105658
2040,807,electricity,103790
2040,808,electricity,100901
2040,809,electricity,99743
2040,810,electricity,100610
2040,811,electricity,106671
2040,812,electricity,111770
2040,813,electricity,106871
2040,814,electricity,100771
2040,815,electricity,97266
2040,816,electricity,99493
2040,817,electricity,97969
2040,818,electricity,94325
2040,819,electricity,94003
2040,820,electricity,90757
2040,821,electricity,88699
2040,822,electricity,90382
2040,823,electricity,96465
2040,824,electricity,104988
2040,825,electricity,109342
2040,826,electricity,110140
2040,827,electricity,110247
2040,828,electricity,110118
2040,829,electricity,109758
2040,830,electricity,108506
2040,831,electricity,106500
2040,832,electricity,103614
2040,833,electricity,102306
2040,834,electricity,102519
2040,835,electricity,108503
2040,836,electricity,113559
2040,837,electricity,108689
2040,838,electricity,102645
2040,839,electricity,98790
2040,840,electricity,101519
2040,841,electricity,99817
2040,842,electricity,96164
2040,843,electricity,96149
2040,844,electricity,92937
2040,845,electricity,90630
2040,846,electricity,92084
2040,847,electricity,98257
2040,848,electricity,106458
2040,849,electricity,110095
2040,850,electricity,110485
2040,851,electricity,110473
2040,852,electricity,110012
2040,853,electricity,109902
2040,854,electricity,108820
2040,855,electricity,107243
2040,856,electricity,104773
2040,857,electricity,103931
2040,858,electricity,104640
2040,859,electricity,110420
2040,860,electricity,115406
2040,861,electricity,110534
2040,862,electricity,104508
2040,863,electricity,101060
2040,864,electricity,103672
2040,865,electricity,102141
2040,866,electricity,98541
2040,867,electricity,99035
2040,868,electricity,95535
2040,869,electricity,93428
2040,870,electricity,94810
2040,871,electricity,100923
2040,872,electricity,110455
2040,873,electricity,114646
2040,874,electricity,115790
2040,875,electricity,115929
2040,876,electricity,115894
2040,877,electricity,115556
2040,878,electricity,114098
2040,879,electricity,111703
2040,880,electricity,108167
2040,881,electricity,106192
2040,882,electricity,106278
2040,883,electricity,111811
2040,884,electricity,116028
2040,885,electricity,111880
2040,886,electricity,106384
2040,887,electricity,103269
2040,888,electricity,106145
2040,889,electricity,103933
2040,890,electricity,98879
2040,891,electricity,97523
2040,892,electricity,93775
2040,893,electricity,90998
2040,894,electricity,90713
2040,895,electricity,92799
2040,896,electricity,95801
2040,897,electricity,98752
2040,898,electricity,102242
2040,899,electricity,103401
2040,900,electricity,102145
2040,901,electricity,101611
2040,902,electricity,100064
2040,903,electricity,95742
2040,904,electricity,91839
2040,905,electricity,89772
2040,906,electricity,89958
2040,907,electricity,96358
2040,908,electricity,102616
2040,909,electricity,99920
2040,910,electricity,95762
2040,911,electricity,94121
2040,912,electricity,98066
2040,913,electricity,96921
2040,914,electricity,92694
2040,915,electricity,91395
2040,916,electricity,87446
2040,917,electricity,84081
2040,918,electricity,82915
2040,919,electricity,83416
2040,920,electricity,84706
2040,921,electricity,85871
2040,922,electricity,89133
2040,923,electricity,91865
2040,924,electricity,92855
2040,925,electricity,93880
2040,926,electricity,92977
2040,927,electricity,88248
2040,928,electricity,84270
2040,929,electricity,82087
2040,930,electricity,82562
2040,931,electricity,89303
2040,932,electricity,97080
2040,933,electricity,96510
2040,934,electricity,93230
2040,935,electricity,91226
2040,936,electricity,94504
2040,937,electricity,93659
2040,938,electricity,90099
2040,939,electricity,90046
2040,940,electricity,87236
2040,941,electricity,85540
2040,942,electricity,87647
2040,943,electricity,94293
2040,944,electricity,102301
2040,945,electricity,105788
2040,946,electricity,106257
2040,947,electricity,104983
2040,948,electricity,103740
2040,949,electricity,102992
2040,950,electricity,101486
2040,951,electricity,98946
2040,952,electricity,95270
2040,953,electricity,93267
2040,954,electricity,93142
2040,955,electricity,98581
2040,956,electricity,105525
2040,957,electricity,101535
2040,958,electricity,96081
2040,959,electricity,92747
2040,960,electricity,95953
2040,961,electricity,94398
2040,962,electricity,91139
2040,963,electricity,91396
2040,964,electricity,88103
2040,965,electricity,85772
2040,966,electricity,87310
2040,967,electricity,93468
2040,968,electricity,101194
2040,969,electricity,104111
2040,970,electricity,105019
2040,971,electricity,104647
2040,972,electricity,104043
2040,973,electricity,103408
2040,974,electricity,101561
2040,975,electricity,98915
2040,976,electricity,95005
2040,977,electricity,93117
2040,978,electricity,92927
2040,979,electricity,98296
2040,980,electricity,105165
2040,981,electricity,101155
2040,982,electricity,95438
2040,983,electricity,92154
2040,984,electricity,95071
2040,985,electricity,93901
2040,986,electricity,90871
2040,987,electricity,90956
2040,988,electricity,88012
2040,989,electricity,85898
2040,990,electricity,87627
2040,991,electricity,93610
2040,992,electricity,101213
2040,993,electricity,104375
2040,994,electricity,105062
2040,995,electricity,103822
2040,996,electricity,101741
2040,997,electricity,99894
2040,998,electricity,97356
2040,999,electricity,93921
2040,1000,electricity,89875
2040,1001,electricity,87443
2040,1002,electricity,87148
2040,1003,electricity,93050
2040,1004,electricity,101294
2040,1005,electricity,98029
2040,1006,electricity,92817
2040,1007,electricity,90195
2040,1008,electricity,93464
2040,1009,electricity,92409
2040,1010,electricity,89339
2040,1011,electricity,90006
2040,1012,electricity,86651
2040,1013,electricity,84581
2040,1014,electricity,86191
2040,1015,electricity,92307
2040,1016,electricity,99976
2040,1017,electricity,103118
2040,1018,electricity,103751
2040,1019,electricity,102980
2040,1020,electricity,101607
2040,1021,electricity,99982
2040,1022,electricity,97611
2040,1023,electricity,94527
2040,1024,electricity,90552
2040,1025,electricity,88518
2040,1026,electricity,88502
2040,1027,electricity,93993
2040,1028,electricity,101078
2040,1029,electricity,97486
2040,1030,electricity,91968
2040,1031,electricity,88658
2040,1032,electricity,91810
2040,1033,electricity,90481
2040,1034,electricity,86819
2040,1035,electricity,87109
2040,1036,electricity,83555
2040,1037,electricity,81345
2040,1038,electricity,82694
2040,1039,electricity,88425
2040,1040,electricity,96476
2040,1041,electricity,99858
2040,1042,electricity,100752
2040,1043,electricity,99796
2040,1044,electricity,98453
2040,1045,electricity,97104
2040,1046,electricity,95532
2040,1047,electricity,92718
2040,1048,electricity,89450
2040,1049,electricity,87555
2040,1050,electricity,87476
2040,1051,electricity,91961
2040,1052,electricity,96961
2040,1053,electricity,93232
2040,1054,electricity,88282
2040,1055,electricity,85218
2040,1056,electricity,88061
2040,1057,electricity,86068
2040,1058,electricity,80978
2040,1059,electricity,79403
2040,1060,electricity,75489
2040,1061,electricity,72478
2040,1062,electricity,72199
2040,1063,electricity,74268
2040,1064,electricity,77284
2040,1065,electricity,79427
2040,1066,electricity,83288
2040,1067,electricity,85341
2040,1068,electricity,85964
2040,1069,electricity,87324
2040,1070,electricity,87232
2040,1071,electricity,83897
2040,1072,electricity,80543
2040,1073,electricity,78684
2040,1074,electricity,78602
2040,1075,electricity,83141
2040,1076,electricity,88982
2040,1077,electricity,86423
2040,1078,electricity,82409
2040,1079,electricity,80740
2040,1080,electricity,84895
2040,1081,electricity,83735
2040,1082,electricity,79304
2040,1083,electricity,77943
2040,1084,electricity,74063
2040,1085,electricity,70792
2040,1086,electricity,70042
2040,1087,electricity,70884
2040,1088,electricity,72303
2040,1089,electricity,73323
2040,1090,electricity,76789
2040,1091,electricity,79921
2040,1092,electricity,81331
2040,1093,electricity,82739
2040,1094,electricity,82200
2040,1095,electricity,77854
2040,1096,electricity,74420
2040,1097,electricity,72944
2040,1098,electricity,73460
2040,1099,electricity,78821
2040,1100,electricity,86226
2040,1101,electricity,85437
2040,1102,electricity,82396
2040,1103,electricity,80638
2040,1104,electricity,84372
2040,1105,electricity,83450
2040,1106,electricity,79506
2040,1107,electricity,79261
2040,1108,electricity,76624
2040,1109,electricity,75001
2040,1110,electricity,77170
2040,1111,electricity,83487
2040,1112,electricity,92021
2040,1113,electricity,95631
2040,1114,electricity,98091
2040,1115,electricity,98618
2040,1116,electricity,98237
2040,1117,electricity,97633
2040,1118,electricity,96476
2040,1119,electricity,94317
2040,1120,electricity,91117
2040,1121,electricity,89540
2040,1122,electricity,89432
2040,1123,electricity,93393
2040,1124,electricity,99873
2040,1125,electricity,96017
2040,1126,electricity,90155
2040,1127,electricity,86924
2040,1128,electricity,89791
2040,1129,electricity,87827
2040,1130,electricity,83301
2040,1131,electricity,82259
2040,1132,electricity,79124
2040,1133,electricity,76991
2040,1134,electricity,78455
2040,1135,electricity,84365
2040,1136,electricity,92054
2040,1137,electricity,95331
2040,1138,electricity,97156
2040,1139,electricity,97811
2040,1140,electricity,98136
2040,1141,electricity,98326
2040,1142,electricity,97001
2040,1143,electricity,94995
2040,1144,electricity,91626
2040,1145,electricity,89658
2040,1146,electricity,89376
2040,1147,electricity,93303
2040,1148,electricity,99996
2040,1149,electricity,96083
2040,1150,electricity,90393
2040,1151,electricity,87879
2040,1152,electricity,90797
2040,1153,electricity,89457
2040,1154,electricity,85607
2040,1155,electricity,85380
2040,1156,electricity,82247
2040,1157,electricity,80288
2040,1158,electricity,81984
2040,1159,electricity,87992
2040,1160,electricity,94808
2040,1161,electricity,97680
2040,1162,electricity,99583
2040,1163,electricity,99284
2040,1164,electricity,98517
2040,1165,electricity,97689
2040,1166,electricity,95695
2040,1167,electricity,93349
2040,1168,electricity,89908
2040,1169,electricity,87608
2040,1170,electricity,87096
2040,1171,electricity,91340
2040,1172,electricity,99317
2040,1173,electricity,96060
2040,1174,electricity,90905
2040,1175,electricity,87943
2040,1176,electricity,91089
2040,1177,electricity,90022
2040,1178,electricity,86953
2040,1179,electricity,87332
2040,1180,electricity,84004
2040,1181,electricity,81884
2040,1182,electricity,83450
2040,1183,electricity,89321
2040,1184,electricity,96471
2040,1185,electricity,99110
2040,1186,electricity,100153
2040,1187,electricity,99473
2040,1188,electricity,98012
2040,1189,electricity,96679
2040,1190,electricity,94622
2040,1191,electricity,92008
2040,1192,electricity,88857
2040,1193,electricity,86948
2040,1194,electricity,86617
2040,1195,electricity,90849
2040,1196,electricity,98633
2040,1197,electricity,95090
2040,1198,electricity,89684
2040,1199,electricity,86727
2040,1200,electricity,89904
2040,1201,electricity,88304
2040,1202,electricity,84981
2040,1203,electricity,85019
2040,1204,electricity,81504
2040,1205,electricity,79111
2040,1206,electricity,80576
2040,1207,electricity,85893
2040,1208,electricity,93598
2040,1209,electricity,96418
2040,1210,electricity,97779
2040,1211,electricity,97866
2040,1212,electricity,97226
2040,1213,electricity,96785
2040,1214,electricity,95402
2040,1215,electricity,92872
2040,1216,electricity,89544
2040,1217,electricity,87761
2040,1218,electricity,87331
2040,1219,electricity,91297
2040,1220,electricity,97082
2040,1221,electricity,93513
2040,1222,electricity,88215
2040,1223,electricity,85202
2040,1224,electricity,88285
2040,1225,electricity,86479
2040,1226,electricity,81393
2040,1227,electricity,79837
2040,1228,electricity,75822
2040,1229,electricity,73097
2040,1230,electricity,72817
2040,1231,electricity,74896
2040,1232,electricity,77911
2040,1233,electricity,80042
2040,1234,electricity,84025
2040,1235,electricity,86258
2040,1236,electricity,87392
2040,1237,electricity,88945
2040,1238,electricity,88923
2040,1239,electricity,85446
2040,1240,electricity,82315
2040,1241,electricity,80280
2040,1242,electricity,80243
2040,1243,electricity,84065
2040,1244,electricity,91026
2040,1245,electricity,89002
2040,1246,electricity,85311
2040,1247,electricity,84001
2040,1248,electricity,88468
2040,1249,electricity,87653
2040,1250,electricity,83465
2040,1251,electricity,82490
2040,1252,electricity,79001
2040,1253,electricity,76004
2040,1254,electricity,75461
2040,1255,electricity,76707
2040,1256,electricity,78108
2040,1257,electricity,79117
2040,1258,electricity,82239
2040,1259,electricity,83826
2040,1260,electricity,83925
2040,1261,electricity,84359
2040,1262,electricity,83256
2040,1263,electricity,78518
2040,1264,electricity,75187
2040,1265,electricity,73401
2040,1266,electricity,73874
2040,1267,electricity,79210
2040,1268,electricity,88689
2040,1269,electricity,88603
2040,1270,electricity,85614
2040,1271,electricity,83761
2040,1272,electricity,87026
2040,1273,electricity,85657
2040,1274,electricity,81616
2040,1275,electricity,80884
2040,1276,electricity,77472
2040,1277,electricity,75151
2040,1278,electricity,76778
2040,1279,electricity,82447
2040,1280,electricity,89782
2040,1281,electricity,92937
2040,1282,electricity,95138
2040,1283,electricity,95573
2040,1284,electricity,95315
2040,1285,electricity,95127
2040,1286,electricity,94249
2040,1287,electricity,92697
2040,1288,electricity,89419
2040,1289,electricity,88105
2040,1290,electricity,87418
2040,1291,electricity,91011
2040,1292,electricity,98892
2040,1293,electricity,95489
2040,1294,electricity,89688
2040,1295,electricity,86678
2040,1296,electricity,89724
2040,1297,electricity,88212
2040,1298,electricity,83727
2040,1299,electricity,83154
2040,1300,electricity,80095
2040,1301,electricity,78208
2040,1302,electricity,80138
2040,1303,electricity,85884
2040,1304,electricity,93729
2040,1305,electricity,96781
2040,1306,electricity,98144
2040,1307,electricity,97827
2040,1308,electricity,97616
2040,1309,electricity,97200
2040,1310,electricity,96090
2040,1311,electricity,93863
2040,1312,electricity,90549
2040,1313,electricity,88821
2040,1314,electricity,88203
2040,1315,electricity,91555
2040,1316,electricity,99605
2040,1317,electricity,96672
2040,1318,electricity,90994
2040,1319,electricity,87810
2040,1320,electricity,90554
2040,1321,electricity,88971
2040,1322,electricity,84206
2040,1323,electricity,83473
2040,1324,electricity,80283
2040,1325,electricity,78071
2040,1326,electricity,79644
2040,1327,electricity,85060
2040,1328,electricity,91259
2040,1329,electricity,93643
2040,1330,electricity,95220
2040,1331,electricity,95379
2040,1332,electricity,95391
2040,1333,electricity,95137
2040,1334,electricity,93990
2040,1335,electricity,91832
2040,1336,electricity,88770
2040,1337,electricity,86922
2040,1338,electricity,86267
2040,1339,electricity,89214
2040,1340,electricity,95949
2040,1341,electricity,92351
2040,1342,electricity,86616
2040,1343,electricity,83266
2040,1344,electricity,86008
2040,1345,electricity,84376
2040,1346,electricity,80799
2040,1347,electricity,80523
2040,1348,electricity,76917
2040,1349,electricity,74550
2040,1350,electricity,75700
2040,1351,electricity,81148
2040,1352,electricity,88402
2040,1353,electricity,91204
2040,1354,electricity,92790
2040,1355,electricity,93084
2040,1356,electricity,93156
2040,1357,electricity,93260
2040,1358,electricity,92341
2040,1359,electricity,90899
2040,1360,electricity,88179
2040,1361,electricity,86708
2040,1362,electricity,86245
2040,1363,electricity,89195
2040,1364,electricity,95323
2040,1365,electricity,91606
2040,1366,electricity,85796
2040,1367,electricity,82607
2040,1368,electricity,85548
2040,1369,electricity,84100
2040,1370,electricity,79602
2040,1371,electricity,78803
2040,1372,electricity,75924
2040,1373,electricity,73950
2040,1374,electricity,75878
2040,1375,electricity,81681
2040,1376,electricity,89500
2040,1377,electricity,92908
2040,1378,electricity,94558
2040,1379,electricity,94553
2040,1380,electricity,94102
2040,1381,electricity,93768
2040,1382,electricity,92622
2040,1383,electricity,90074
2040,1384,electricity,86721
2040,1385,electricity,84384
2040,1386,electricity,83804
2040,1387,electricity,86841
2040,1388,electricity,94439
2040,1389,electricity,92264
2040,1390,electricity,87801
2040,1391,electricity,85323
2040,1392,electricity,88935
2040,1393,electricity,87236
2040,1394,electricity,82518
2040,1395,electricity,81432
2040,1396,electricity,77863
2040,1397,electricity,75269
2040,1398,electricity,75259
2040,1399,electricity,77580
2040,1400,electricity,79978
2040,1401,electricity,81933
2040,1402,electricity,84952
2040,1403,electricity,85777
2040,1404,electricity,85124
2040,1405,electricity,85287
2040,1406,electricity,84649
2040,1407,electricity,81073
2040,1408,electricity,77978
2040,1409,electricity,76257
2040,1410,electricity,76220
2040,1411,electricity,79902
2040,1412,electricity,86876
2040,1413,electricity,85106
2040,1414,electricity,81138
2040,1415,electricity,79344
2040,1416,electricity,83251
2040,1417,electricity,82901
2040,1418,electricity,78842
2040,1419,electricity,76454
2040,1420,electricity,71429
2040,1421,electricity,67734
2040,1422,electricity,66556
2040,1423,electricity,67222
2040,1424,electricity,67608
2040,1425,electricity,68425
2040,1426,electricity,72166
2040,1427,electricity,74854
2040,1428,electricity,76530
2040,1429,electricity,78089
2040,1430,electricity,77890
2040,1431,electricity,73495
2040,1432,electricity,70156
2040,1433,electricity,68382
2040,1434,electricity,68267
2040,1435,electricity,72118
2040,1436,electricity,79959
2040,1437,electricity,79784
2040,1438,electricity,76557
2040,1439,electricity,74387
2040,1440,electricity,77523
2040,1441,electricity,76275
2040,1442,electricity,72160
2040,1443,electricity,70894
2040,1444,electricity,67873
2040,1445,electricity,65918
2040,1446,electricity,67916
2040,1447,electricity,74486
2040,1448,electricity,82281
2040,1449,electricity,85726
2040,1450,electricity,87537
2040,1451,electricity,87262
2040,1452,electricity,86827
2040,1453,electricity,87440
2040,1454,electricity,86867
2040,1455,electricity,85318
2040,1456,electricity,82328
2040,1457,electricity,80546
2040,1458,electricity,79944
2040,1459,electricity,83178
2040,1460,electricity,91957
2040,1461,electricity,89272
2040,1462,electricity,83624
2040,1463,electricity,80644
2040,1464,electricity,83703
2040,1465,electricity,82047
2040,1466,electricity,77631
2040,1467,electricity,76835
2040,1468,electricity,73610
2040,1469,electricity,71882
2040,1470,electricity,73582
2040,1471,electricity,79895
2040,1472,electricity,86403
2040,1473,electricity,88580
2040,1474,electricity,89416
2040,1475,electricity,88282
2040,1476,electricity,87336
2040,1477,electricity,87130
2040,1478,electricity,86277
2040,1479,electricity,84316
2040,1480,electricity,81383
2040,1481,electricity,79799
2040,1482,electricity,79673
2040,1483,electricity,82744
2040,1484,electricity,91135
2040,1485,electricity,88556
2040,1486,electricity,83183
2040,1487,electricity,80084
2040,1488,electricity,82983
2040,1489,electricity,81511
2040,1490,electricity,77904
2040,1491,electricity,77944
2040,1492,electricity,74842
2040,1493,electricity,73089
2040,1494,electricity,74811
2040,1495,electricity,80884
2040,1496,electricity,87246
2040,1497,electricity,90169
2040,1498,electricity,91672
2040,1499,electricity,91082
2040,1500,electricity,90301
2040,1501,electricity,90208
2040,1502,electricity,89613
2040,1503,electricity,87934
2040,1504,electricity,84741
2040,1505,electricity,83047
2040,1506,electricity,82435
2040,1507,electricity,85492
2040,1508,electricity,94455
2040,1509,electricity,92377
2040,1510,electricity,87185
2040,1511,electricity,84558
2040,1512,electricity,87519
2040,1513,electricity,86293
2040,1514,electricity,83086
2040,1515,electricity,83461
2040,1516,electricity,80383
2040,1517,electricity,78655
2040,1518,electricity,80406
2040,1519,electricity,86582
2040,1520,electricity,93159
2040,1521,electricity,95362
2040,1522,electricity,95365
2040,1523,electricity,93454
2040,1524,electricity,91458
2040,1525,electricity,90012
2040,1526,electricity,88295
2040,1527,electricity,85651
2040,1528,electricity,82035
2040,1529,electricity,79891
2040,1530,electricity,79114
2040,1531,electricity,82216
2040,1532,electricity,92043
2040,1533,electricity,90631
2040,1534,electricity,85878
2040,1535,electricity,83106
2040,1536,electricity,86712
2040,1537,electricity,85335
2040,1538,electricity,82166
2040,1539,electricity,82586
2040,1540,electricity,79690
2040,1541,electricity,77984
2040,1542,electricity,79983
2040,1543,electricity,86199
2040,1544,electricity,93225
2040,1545,electricity,95742
2040,1546,electricity,95624
2040,1547,electricity,93257
2040,1548,electricity,90783
2040,1549,electricity,88809
2040,1550,electricity,86714
2040,1551,electricity,83179
2040,1552,electricity,79041
2040,1553,electricity,76482
2040,1554,electricity,75465
2040,1555,electricity,78500
2040,1556,electricity,87280
2040,1557,electricity,86806
2040,1558,electricity,82520
2040,1559,electricity,80618
2040,1560,electricity,84265
2040,1561,electricity,82815
2040,1562,electricity,78537
2040,1563,electricity,77657
2040,1564,electricity,74282
2040,1565,electricity,72318
2040,1566,electricity,72499
2040,1567,electricity,75095
2040,1568,electricity,77443
2040,1569,electricity,79687
2040,1570,electricity,81689
2040,1571,electricity,81120
2040,1572,electricity,78833
2040,1573,electricity,77865
2040,1574,electricity,76723
2040,1575,electricity,72665
2040,1576,electricity,68798
2040,1577,electricity,66134
2040,1578,electricity,65478
2040,1579,electricity,69016
2040,1580,electricity,78153
2040,1581,electricity,78187
2040,1582,electricity,74740
2040,1583,electricity,73568
2040,1584,electricity,78232
2040,1585,electricity,77823
2040,1586,electricity,74063
2040,1587,electricity,73181
2040,1588,electricity,69659
2040,1589,electricity,67104
2040,1590,electricity,66715
2040,1591,electricity,68277
2040,1592,electricity,69030
2040,1593,electricity,70183
2040,1594,electricity,72177
2040,1595,electricity,72512
2040,1596,electricity,71480
2040,1597,electricity,71357
2040,1598,electricity,70033
2040,1599,electricity,64891
2040,1600,electricity,60929
2040,1601,electricity,58583
2040,1602,electricity,58549
2040,1603,electricity,63209
2040,1604,electricity,74001
2040,1605,electricity,75568
2040,1606,electricity,72740
2040,1607,electricity,70726
2040,1608,electricity,74288
2040,1609,electricity,73575
2040,1610,electricity,69911
2040,1611,electricity,69327
2040,1612,electricity,66525
2040,1613,electricity,64674
2040,1614,electricity,66707
2040,1615,electricity,73613
2040,1616,electricity,80683
2040,1617,electricity,83237
2040,1618,electricity,84358
2040,1619,electricity,83799
2040,1620,electricity,83059
2040,1621,electricity,82496
2040,1622,electricity,81267
2040,1623,electricity,78959
2040,1624,electricity,75681
2040,1625,electricity,73595
2040,1626,electricity,72925
2040,1627,electricity,76089
2040,1628,electricity,85239
2040,1629,electricity,83376
2040,1630,electricity,77842
2040,1631,electricity,74853
2040,1632,electricity,77708
2040,1633,electricity,76330
2040,1634,electricity,72672
2040,1635,electricity,72417
2040,1636,electricity,69451
2040,1637,electricity,67398
2040,1638,electricity,69118
2040,1639,electricity,75614
2040,1640,electricity,83745
2040,1641,electricity,86368
2040,1642,electricity,86863
2040,1643,electricity,86010
2040,1644,electricity,84860
2040,1645,electricity,83983
2040,1646,electricity,82693
2040,1647,electricity,80873
2040,1648,electricity,77910
2040,1649,electricity,76115
2040,1650,electricity,75660
2040,1651,electricity,78387
2040,1652,electricity,86629
2040,1653,electricity,84478
2040,1654,electricity,78738
2040,1655,electricity,75491
2040,1656,electricity,78474
2040,1657,electricity,76893
2040,1658,electricity,72141
2040,1659,electricity,70907
2040,1660,electricity,67718
2040,1661,electricity,66221
2040,1662,electricity,67928
2040,1663,electricity,74200
2040,1664,electricity,82016
2040,1665,electricity,85325
2040,1666,electricity,86028
2040,1667,electricity,84701
2040,1668,electricity,83220
2040,1669,electricity,82461
2040,1670,electricity,80726
2040,1671,electricity,78747
2040,1672,electricity,75517
2040,1673,electricity,73195
2040,1674,electricity,72309
2040,1675,electricity,75007
2040,1676,electricity,84232
2040,1677,electricity,82997
2040,1678,electricity,77454
2040,1679,electricity,74492
2040,1680,electricity,77720
2040,1681,electricity,76338
2040,1682,electricity,71789
2040,1683,electricity,71203
2040,1684,electricity,68384
2040,1685,electricity,66599
2040,1686,electricity,68597
2040,1687,electricity,75302
2040,1688,electricity,83405
2040,1689,electricity,85983
2040,1690,electricity,86094
2040,1691,electricity,84534
2040,1692,electricity,83276
2040,1693,electricity,82159
2040,1694,electricity,80544
2040,1695,electricity,78163
2040,1696,electricity,74803
2040,1697,electricity,72805
2040,1698,electricity,72153
2040,1699,electricity,75183
2040,1700,electricity,84358
2040,1701,electricity,83106
2040,1702,electricity,77901
2040,1703,electricity,74961
2040,1704,electricity,78049
2040,1705,electricity,76771
2040,1706,electricity,72324
2040,1707,electricity,71401
2040,1708,electricity,68657
2040,1709,electricity,67073
2040,1710,electricity,68980
2040,1711,electricity,75276
2040,1712,electricity,82903
2040,1713,electricity,85802
2040,1714,electricity,86426
2040,1715,electricity,85519
2040,1716,electricity,84282
2040,1717,electricity,83883
2040,1718,electricity,82782
2040,1719,electricity,80579
2040,1720,electricity,77784
2040,1721,electricity,76165
2040,1722,electricity,75863
2040,1723,electricity,78881
2040,1724,electricity,86072
2040,1725,electricity,84845
2040,1726,electricity,79869
2040,1727,electricity,77398
2040,1728,electricity,80787
2040,1729,electricity,78904
2040,1730,electricity,73697
2040,1731,electricity,72282
2040,1732,electricity,68905
2040,1733,electricity,66465
2040,1734,electricity,66672
2040,1735,electricity,68918
2040,1736,electricity,70825
2040,1737,electricity,73918
2040,1738,electricity,77574
2040,1739,electricity,78783
2040,1740,electricity,78506
2040,1741,electricity,79160
2040,1742,electricity,78979
2040,1743,electricity,75491
2040,1744,electricity,72308
2040,1745,electricity,70554
2040,1746,electricity,70515
2040,1747,electricity,73935
2040,1748,electricity,81192
2040,1749,electricity,80713
2040,1750,electricity,76678
2040,1751,electricity,75134
2040,1752,electricity,79240
2040,1753,electricity,78384
2040,1754,electricity,73988
2040,1755,electricity,72562
2040,1756,electricity,68682
2040,1757,electricity,65767
2040,1758,electricity,65219
2040,1759,electricity,66454
2040,1760,electricity,66661
2040,1761,electricity,68723
2040,1762,electricity,72497
2040,1763,electricity,75308
2040,1764,electricity,76752
2040,1765,electricity,78453
2040,1766,electricity,77960
2040,1767,electricity,73594
2040,1768,electricity,70567
2040,1769,electricity,68887
2040,1770,electricity,69016
2040,1771,electricity,72646
2040,1772,electricity,80624
2040,1773,electricity,81640
2040,1774,electricity,77990
2040,1775,electricity,75657
2040,1776,electricity,78826
2040,1777,electricity,77702
2040,1778,electricity,73744
2040,1779,electricity,73145
2040,1780,electricity,70134
2040,1781,electricity,68512
2040,1782,electricity,70851
2040,1783,electricity,77944
2040,1784,electricity,85749
2040,1785,electricity,89261
2040,1786,electricity,90116
2040,1787,electricity,89066
2040,1788,electricity,87891
2040,1789,electricity,86981
2040,1790,electricity,85797
2040,1791,electricity,83401
2040,1792,electricity,79951
2040,1793,electricity,77903
2040,1794,electricity,77237
2040,1795,electricity,79932
2040,1796,electricity,88295
2040,1797,electricity,87401
2040,1798,electricity,81609
2040,1799,electricity,78540
2040,1800,electricity,81487
2040,1801,electricity,80053
2040,1802,electricity,75321
2040,1803,electricity,74520
2040,1804,electricity,71532
2040,1805,electricity,70064
2040,1806,electricity,72230
2040,1807,electricity,79143
2040,1808,electricity,86713
2040,1809,electricity,89454
2040,1810,electricity,88857
2040,1811,electricity,86746
2040,1812,electricity,84797
2040,1813,electricity,83367
2040,1814,electricity,81446
2040,1815,electricity,79286
2040,1816,electricity,76192
2040,1817,electricity,74013
2040,1818,electricity,72887
2040,1819,electricity,75098
2040,1820,electricity,83178
2040,1821,electricity,83144
2040,1822,electricity,77532
2040,1823,electricity,74289
2040,1824,electricity,77182
2040,1825,electricity,75572
2040,1826,electricity,71014
2040,1827,electricity,70127
2040,1828,electricity,67132
2040,1829,electricity,65502
2040,1830,electricity,67431
2040,1831,electricity,73867
2040,1832,electricity,80861
2040,1833,electricity,84072
2040,1834,electricity,84688
2040,1835,electricity,83533
2040,1836,electricity,82213
2040,1837,electricity,81327
2040,1838,electricity,79677
2040,1839,electricity,77442
2040,1840,electricity,74107
2040,1841,electricity,72469
2040,1842,electricity,71572
2040,1843,electricity,74443
2040,1844,electricity,82600
2040,1845,electricity,82328
2040,1846,electricity,76811
2040,1847,electricity,73751
2040,1848,electricity,76722
2040,1849,electricity,75464
2040,1850,electricity,71158
2040,1851,electricity,70128
2040,1852,electricity,67110
2040,1853,electricity,65564
2040,1854,electricity,67344
2040,1855,electricity,73739
2040,1856,electricity,81156
2040,1857,electricity,84571
2040,1858,electricity,85412
2040,1859,electricity,84918
2040,1860,electricity,84661
2040,1861,electricity,84461
2040,1862,electricity,83476
2040,1863,electricity,81838
2040,1864,electricity,79273
2040,1865,electricity,77461
2040,1866,electricity,76714
2040,1867,electricity,79495
2040,1868,electricity,86545
2040,1869,electricity,85267
2040,1870,electricity,79473
2040,1871,electricity,75920
2040,1872,electricity,78857
2040,1873,electricity,77117
2040,1874,electricity,72376
2040,1875,electricity,71028
2040,1876,electricity,68071
2040,1877,electricity,66103
2040,1878,electricity,67662
2040,1879,electricity,73654
2040,1880,electricity,80962
2040,1881,electricity,84892
2040,1882,electricity,86655
2040,1883,electricity,87688
2040,1884,electricity,88220
2040,1885,electricity,87308
2040,1886,electricity,85745
2040,1887,electricity,83145
2040,1888,electricity,79512
2040,1889,electricity,77038
2040,1890,electricity,76184
2040,1891,electricity,78520
2040,1892,electricity,84627
2040,1893,electricity,83997
2040,1894,electricity,78991
2040,1895,electricity,76191
2040,1896,electricity,79188
2040,1897,electricity,77257
2040,1898,electricity,71963
2040,1899,electricity,70444
2040,1900,electricity,66714
2040,1901,electricity,64250
2040,1902,electricity,64290
2040,1903,electricity,66648
2040,1904,electricity,68205
2040,1905,electricity,71497
2040,1906,electricity,75349
2040,1907,electricity,76948
2040,1908,electricity,76988
2040,1909,electricity,78452
2040,1910,electricity,78408
2040,1911,electricity,75145
2040,1912,electricity,72216
2040,1913,electricity,70969
2040,1914,electricity,70839
2040,1915,electricity,73567
2040,1916,electricity,79029
2040,1917,electricity,79002
2040,1918,electricity,75195
2040,1919,electricity,73371
2040,1920,electricity,77456
2040,1921,electricity,76466
2040,1922,electricity,71776
2040,1923,electricity,70411
2040,1924,electricity,66535
2040,1925,electricity,63647
2040,1926,electricity,63035
2040,1927,electricity,64212
2040,1928,electricity,64235
2040,1929,electricity,66610
2040,1930,electricity,70153
2040,1931,electricity,72645
2040,1932,electricity,74136
2040,1933,electricity,76078
2040,1934,electricity,75998
2040,1935,electricity,72063
2040,1936,electricity,68605
2040,1937,electricity,66617
2040,1938,electricity,66152
2040,1939,electricity,69212
2040,1940,electricity,76978
2040,1941,electricity,79859
2040,1942,electricity,76642
2040,1943,electricity,74630
2040,1944,electricity,78188
2040,1945,electricity,77213
2040,1946,electricity,73514
2040,1947,electricity,72946
2040,1948,electricity,70215
2040,1949,electricity,68785
2040,1950,electricity,71369
2040,1951,electricity,78430
2040,1952,electricity,85673
2040,1953,electricity,88830
2040,1954,electricity,88737
2040,1955,electricity,86931
2040,1956,electricity,84857
2040,1957,electricity,83636
2040,1958,electricity,82113
2040,1959,electricity,79443
2040,1960,electricity,76001
2040,1961,electricity,73808
2040,1962,electricity,72811
2040,1963,electricity,75094
2040,1964,electricity,83135
2040,1965,electricity,84024
2040,1966,electricity,78552
2040,1967,electricity,75552
2040,1968,electricity,78922
2040,1969,electricity,77224
2040,1970,electricity,72506
2040,1971,electricity,71776
2040,1972,electricity,68607
2040,1973,electricity,66998
2040,1974,electricity,68831
2040,1975,electricity,75245
2040,1976,electricity,82158
2040,1977,electricity,85645
2040,1978,electricity,86619
2040,1979,electricity,86250
2040,1980,electricity,86051
2040,1981,electricity,86267
2040,1982,electricity,85753
2040,1983,electricity,84642
2040,1984,electricity,82397
2040,1985,electricity,81432
2040,1986,electricity,81423
2040,1987,electricity,83884
2040,1988,electricity,90207
2040,1989,electricity,88861
2040,1990,electricity,82858
2040,1991,electricity,79365
2040,1992,electricity,81933
2040,1993,electricity,80321
2040,1994,electricity,75335
2040,1995,electricity,74445
2040,1996,electricity,71360
2040,1997,electricity,69918
2040,1998,electricity,71960
2040,1999,electricity,78217
2040,2000,electricity,85526
2040,2001,electricity,89696
2040,2002,electricity,91253
2040,2003,electricity,91098
2040,2004,electricity,90533
2040,2005,electricity,90441
2040,2006,electricity,89247
2040,2007,electricity,87745
2040,2008,electricity,84814
2040,2009,electricity,83000
2040,2010,electricity,81889
2040,2011,electricity,83656
2040,2012,electricity,89986
2040,2013,electricity,90568
2040,2014,electricity,85145
2040,2015,electricity,81868
2040,2016,electricity,84734
2040,2017,electricity,83580
2040,2018,electricity,79176
2040,2019,electricity,78332
2040,2020,electricity,75221
2040,2021,electricity,73442
2040,2022,electricity,75221
2040,2023,electricity,81622
2040,2024,electricity,88438
2040,2025,electricity,91412
2040,2026,electricity,92039
2040,2027,electricity,91461
2040,2028,electricity,91116
2040,2029,electricity,90863
2040,2030,electricity,90009
2040,2031,electricity,88568
2040,2032,electricity,85554
2040,2033,electricity,83571
2040,2034,electricity,82569
2040,2035,electricity,84015
2040,2036,electricity,89726
2040,2037,electricity,89727
2040,2038,electricity,84098
2040,2039,electricity,80582
2040,2040,electricity,82934
2040,2041,electricity,81081
2040,2042,electricity,76236
2040,2043,electricity,75413
2040,2044,electricity,72310
2040,2045,electricity,70592
2040,2046,electricity,72538
2040,2047,electricity,78495
2040,2048,electricity,85330
2040,2049,electricity,87862
2040,2050,electricity,87742
2040,2051,electricity,86300
2040,2052,electricity,85167
2040,2053,electricity,84444
2040,2054,electricity,83348
2040,2055,electricity,81113
2040,2056,electricity,77936
2040,2057,electricity,75827
2040,2058,electricity,75253
2040,2059,electricity,77378
2040,2060,electricity,83072
2040,2061,electricity,84289
2040,2062,electricity,79625
2040,2063,electricity,76787
2040,2064,electricity,79805
2040,2065,electricity,77887
2040,2066,electricity,72434
2040,2067,electricity,70665
2040,2068,electricity,66916
2040,2069,electricity,64186
2040,2070,electricity,64280
2040,2071,electricity,66007
2040,2072,electricity,67105
2040,2073,electricity,70211
2040,2074,electricity,73341
2040,2075,electricity,74543
2040,2076,electricity,74491
2040,2077,electricity,75480
2040,2078,electricity,75147
2040,2079,electricity,71610
2040,2080,electricity,68119
2040,2081,electricity,66293
2040,2082,electricity,65493
2040,2083,electricity,67940
2040,2084,electricity,73517
2040,2085,electricity,74633
2040,2086,electricity,70786
2040,2087,electricity,69006
2040,2088,electricity,72899
2040,2089,electricity,71803
2040,2090,electricity,67360
2040,2091,electricity,66536
2040,2092,electricity,66059
2040,2093,electricity,61459
2040,2094,electricity,58621
2040,2095,electricity,58477
2040,2096,electricity,58946
2040,2097,electricity,59343
2040,2098,electricity,62758
2040,2099,electricity,65946
2040,2100,electricity,68590
2040,2101,electricity,71265
2040,2102,electricity,72275
2040,2103,electricity,68588
2040,2104,electricity,65278
2040,2105,electricity,63399
2040,2106,electricity,62853
2040,2107,electricity,65225
2040,2108,electricity,69352
2040,2109,electricity,72344
2040,2110,electricity,72200
2040,2111,electricity,69829
2040,2112,electricity,72579
2040,2113,electricity,70938
2040,2114,electricity,66376
2040,2115,electricity,65150
2040,2116,electricity,62022
2040,2117,electricity,59996
2040,2118,electricity,61615
2040,2119,electricity,67961
2040,2120,electricity,76672
2040,2121,electricity,80378
2040,2122,electricity,82206
2040,2123,electricity,82305
2040,2124,electricity,81877
2040,2125,electricity,81790
2040,2126,electricity,81046
2040,2127,electricity,79333
2040,2128,electricity,76361
2040,2129,electricity,74337
2040,2130,electricity,73226
2040,2131,electricity,74526
2040,2132,electricity,77674
2040,2133,electricity,78086
2040,2134,electricity,76264
2040,2135,electricity,72947
2040,2136,electricity,75801
2040,2137,electricity,73647
2040,2138,electricity,68330
2040,2139,electricity,66996
2040,2140,electricity,63752
2040,2141,electricity,61733
2040,2142,electricity,63001
2040,2143,electricity,68551
2040,2144,electricity,77372
2040,2145,electricity,80780
2040,2146,electricity,82192
2040,2147,electricity,82276
2040,2148,electricity,82201
2040,2149,electricity,82236
2040,2150,electricity,81192
2040,2151,electricity,79382
2040,2152,electricity,76321
2040,2153,electricity,74008
2040,2154,electricity,72569
2040,2155,electricity,73179
2040,2156,electricity,75894
2040,2157,electricity,76582
2040,2158,electricity,76407
2040,2159,electricity,73811
2040,2160,electricity,76690
2040,2161,electricity,74804
2040,2162,electricity,70028
2040,2163,electricity,68974
2040,2164,electricity,65882
2040,2165,electricity,64334
2040,2166,electricity,66071
2040,2167,electricity,72283
2040,2168,electricity,80816
2040,2169,electricity,84519
2040,2170,electricity,85841
2040,2171,electricity,85394
2040,2172,electricity,84935
2040,2173,electricity,84450
2040,2174,electricity,83131
2040,2175,electricity,81208
2040,2176,electricity,78282
2040,2177,electricity,75749
2040,2178,electricity,74301
2040,2179,electricity,75172
2040,2180,electricity,78119
2040,2181,electricity,79120
2040,2182,electricity,78831
2040,2183,electricity,75665
2040,2184,electricity,78547
2040,2185,electricity,76909
2040,2186,electricity,72172
2040,2187,electricity,71031
2040,2188,electricity,67970
2040,2189,electricity,66085
2040,2190,electricity,67405
2040,2191,electricity,73386
2040,2192,electricity,82077
2040,2193,electricity,85509
2040,2194,electricity,86740
2040,2195,electricity,86509
2040,2196,electricity,86095
2040,2197,electricity,85994
2040,2198,electricity,84965
2040,2199,electricity,83000
2040,2200,electricity,79890
2040,2201,electricity,77610
2040,2202,electricity,76219
2040,2203,electricity,76918
2040,2204,electricity,79410
2040,2205,electricity,79224
2040,2206,electricity,78646
2040,2207,electricity,75394
2040,2208,electricity,78177
2040,2209,electricity,76231
2040,2210,electricity,71169
2040,2211,electricity,69597
2040,2212,electricity,66402
2040,2213,electricity,64441
2040,2214,electricity,65449
2040,2215,electricity,70938
2040,2216,electricity,78950
2040,2217,electricity,82189
2040,2218,electricity,83932
2040,2219,electricity,83834
2040,2220,electricity,83379
2040,2221,electricity,83204
2040,2222,electricity,82414
2040,2223,electricity,80246
2040,2224,electricity,76891
2040,2225,electricity,74529
2040,2226,electricity,73174
2040,2227,electricity,74443
2040,2228,electricity,76556
2040,2229,electricity,76614
2040,2230,electricity,76184
2040,2231,electricity,73568
2040,2232,electricity,76724
2040,2233,electricity,74552
2040,2234,electricity,68715
2040,2235,electricity,66700
2040,2236,electricity,63015
2040,2237,electricity,60282
2040,2238,electricity,60021
2040,2239,electricity,61915
2040,2240,electricity,64385
2040,2241,electricity,66994
2040,2242,electricity,71198
2040,2243,electricity,73411
2040,2244,electricity,73841
2040,2245,electricity,75305
2040,2246,electricity,75586
2040,2247,electricity,72259
2040,2248,electricity,69572
2040,2249,electricity,67597
2040,2250,electricity,66827
2040,2251,electricity,68400
2040,2252,electricity,71279
2040,2253,electricity,72192
2040,2254,electricity,72333
2040,2255,electricity,71281
2040,2256,electricity,75833
2040,2257,electricity,75033
2040,2258,electricity,70239
2040,2259,electricity,69055
2040,2260,electricity,65471
2040,2261,electricity,62771
2040,2262,electricity,62281
2040,2263,electricity,63531
2040,2264,electricity,64705
2040,2265,electricity,66620
2040,2266,electricity,69840
2040,2267,electricity,71428
2040,2268,electricity,71326
2040,2269,electricity,71555
2040,2270,electricity,70295
2040,2271,electricity,65286
2040,2272,electricity,61661
2040,2273,electricity,59389
2040,2274,electricity,58122
2040,2275,electricity,59421
2040,2276,electricity,62807
2040,2277,electricity,66152
2040,2278,electricity,70242
2040,2279,electricity,69999
2040,2280,electricity,74746
2040,2281,electricity,73807
2040,2282,electricity,69307
2040,2283,electricity,68522
2040,2284,electricity,65514
2040,2285,electricity,63492
2040,2286,electricity,63599
2040,2287,electricity,65762
2040,2288,electricity,66995
2040,2289,electricity,68413
2040,2290,electricity,71010
2040,2291,electricity,72057
2040,2292,electricity,71476
2040,2293,electricity,71744
2040,2294,electricity,70543
2040,2295,electricity,66076
2040,2296,electricity,62116
2040,2297,electricity,59478
2040,2298,electricity,58623
2040,2299,electricity,60807
2040,2300,electricity,65352
2040,2301,electricity,67831
2040,2302,electricity,70593
2040,2303,electricity,69309
2040,2304,electricity,72809
2040,2305,electricity,71494
2040,2306,electricity,67571
2040,2307,electricity,66902
2040,2308,electricity,64282
2040,2309,electricity,62845
2040,2310,electricity,65446
2040,2311,electricity,72592
2040,2312,electricity,81605
2040,2313,electricity,84821
2040,2314,electricity,85399
2040,2315,electricity,83928
2040,2316,electricity,82222
2040,2317,electricity,81018
2040,2318,electricity,79520
2040,2319,electricity,77154
2040,2320,electricity,73772
2040,2321,electricity,70938
2040,2322,electricity,69113
2040,2323,electricity,69628
2040,2324,electricity,72358
2040,2325,electricity,72693
2040,2326,electricity,74091
2040,2327,electricity,71736
2040,2328,electricity,74737
2040,2329,electricity,73284
2040,2330,electricity,68660
2040,2331,electricity,67741
2040,2332,electricity,65062
2040,2333,electricity,63648
2040,2334,electricity,65687
2040,2335,electricity,71810
2040,2336,electricity,80387
2040,2337,electricity,84049
2040,2338,electricity,83961
2040,2339,electricity,82153
2040,2340,electricity,80061
2040,2341,electricity,78954
2040,2342,electricity,77282
2040,2343,electricity,74926
2040,2344,electricity,71468
2040,2345,electricity,68714
2040,2346,electricity,66894
2040,2347,electricity,67356
2040,2348,electricity,69971
2040,2349,electricity,69912
2040,2350,electricity,71351
2040,2351,electricity,69089
2040,2352,electricity,72299
2040,2353,electricity,70572
2040,2354,electricity,66140
2040,2355,electricity,65201
2040,2356,electricity,62367
2040,2357,electricity,60643
2040,2358,electricity,62351
2040,2359,electricity,68607
2040,2360,electricity,76707
2040,2361,electricity,79736
2040,2362,electricity,80039
2040,2363,electricity,78105
2040,2364,electricity,76560
2040,2365,electricity,75428
2040,2366,electricity,74011
2040,2367,electricity,71998
2040,2368,electricity,68952
2040,2369,electricity,66435
2040,2370,electricity,64638
2040,2371,electricity,65116
2040,2372,electricity,67417
2040,2373,electricity,67245
2040,2374,electricity,68586
2040,2375,electricity,66128
2040,2376,electricity,69102
2040,2377,electricity,67456
2040,2378,electricity,62729
2040,2379,electricity,61417
2040,2380,electricity,58448
2040,2381,electricity,56873
2040,2382,electricity,58382
2040,2383,electricity,64522
2040,2384,electricity,72339
2040,2385,electricity,75309
2040,2386,electricity,75912
2040,2387,electricity,74971
2040,2388,electricity,74011
2040,2389,electricity,73249
2040,2390,electricity,72374
2040,2391,electricity,69907
2040,2392,electricity,67204
2040,2393,electricity,64586
2040,2394,electricity,63225
2040,2395,electricity,64057
2040,2396,electricity,65895
2040,2397,electricity,65620
2040,2398,electricity,66715
2040,2399,electricity,64778
2040,2400,electricity,67933
2040,2401,electricity,65742
2040,2402,electricity,60296
2040,2403,electricity,58531
2040,2404,electricity,54819
2040,2405,electricity,52318
2040,2406,electricity,52219
2040,2407,electricity,53982
2040,2408,electricity,55706
2040,2409,electricity,58669
2040,2410,electricity,62669
2040,2411,electricity,64626
2040,2412,electricity,64781
2040,2413,electricity,66347
2040,2414,electricity,66433
2040,2415,electricity,63260
2040,2416,electricity,60190
2040,2417,electricity,57886
2040,2418,electricity,57202
2040,2419,electricity,58040
2040,2420,electricity,60416
2040,2421,electricity,60976
2040,2422,electricity,62565
2040,2423,electricity,61700
2040,2424,electricity,66097
2040,2425,electricity,64993
2040,2426,electricity,60294
2040,2427,electricity,58816
2040,2428,electricity,54948
2040,2429,electricity,52384
2040,2430,electricity,51951
2040,2431,electricity,53096
2040,2432,electricity,53355
2040,2433,electricity,55362
2040,2434,electricity,57946
2040,2435,electricity,59331
2040,2436,electricity,59628
2040,2437,electricity,60582
2040,2438,electricity,60113
2040,2439,electricity,55905
2040,2440,electricity,52385
2040,2441,electricity,50173
2040,2442,electricity,49008
2040,2443,electricity,50465
2040,2444,electricity,53853
2040,2445,electricity,56100
2040,2446,electricity,59394
2040,2447,electricity,58496
2040,2448,electricity,61947
2040,2449,electricity,60476
2040,2450,electricity,56239
2040,2451,electricity,55075
2040,2452,electricity,52161
2040,2453,electricity,50741
2040,2454,electricity,52773
2040,2455,electricity,58881
2040,2456,electricity,65441
2040,2457,electricity,69460
2040,2458,electricity,71142
2040,2459,electricity,70995
2040,2460,electricity,70477
2040,2461,electricity,70590
2040,2462,electricity,69943
2040,2463,electricity,68594
2040,2464,electricity,66142
2040,2465,electricity,63945
2040,2466,electricity,62015
2040,2467,electricity,61941
2040,2468,electricity,63864
2040,2469,electricity,63050
2040,2470,electricity,64015
2040,2471,electricity,61987
2040,2472,electricity,64869
2040,2473,electricity,62942
2040,2474,electricity,57601
2040,2475,electricity,56361
2040,2476,electricity,53250
2040,2477,electricity,51543
2040,2478,electricity,53054
2040,2479,electricity,58593
2040,2480,electricity,64967
2040,2481,electricity,68336
2040,2482,electricity,69812
2040,2483,electricity,69718
2040,2484,electricity,69600
2040,2485,electricity,69720
2040,2486,electricity,69217
2040,2487,electricity,68126
2040,2488,electricity,65732
2040,2489,electricity,63852
2040,2490,electricity,62320
2040,2491,electricity,62215
2040,2492,electricity,63678
2040,2493,electricity,62164
2040,2494,electricity,62806
2040,2495,electricity,60901
2040,2496,electricity,63834
2040,2497,electricity,61553
2040,2498,electricity,56335
2040,2499,electricity,54895
2040,2500,electricity,51557
2040,2501,electricity,49964
2040,2502,electricity,51127
2040,2503,electricity,56258
2040,2504,electricity,61933
2040,2505,electricity,66022
2040,2506,electricity,67980
2040,2507,electricity,68433
2040,2508,electricity,68762
2040,2509,electricity,69352
2040,2510,electricity,68954
2040,2511,electricity,68110
2040,2512,electricity,65804
2040,2513,electricity,63897
2040,2514,electricity,62299
2040,2515,electricity,62133
2040,2516,electricity,63796
2040,2517,electricity,62190
2040,2518,electricity,62539
2040,2519,electricity,60601
2040,2520,electricity,63474
2040,2521,electricity,61298
2040,2522,electricity,55977
2040,2523,electricity,54343
2040,2524,electricity,51056
2040,2525,electricity,49155
2040,2526,electricity,50088
2040,2527,electricity,54920
2040,2528,electricity,60919
2040,2529,electricity,65037
2040,2530,electricity,67590
2040,2531,electricity,68599
2040,2532,electricity,68855
2040,2533,electricity,69626
2040,2534,electricity,69299
2040,2535,electricity,68400
2040,2536,electricity,66223
2040,2537,electricity,64281
2040,2538,electricity,62787
2040,2539,electricity,63211
2040,2540,electricity,65099
2040,2541,electricity,63838
2040,2542,electricity,63158
2040,2543,electricity,60835
2040,2544,electricity,63664
2040,2545,electricity,61554
2040,2546,electricity,56176
2040,2547,electricity,54665
2040,2548,electricity,51444
2040,2549,electricity,49390
2040,2550,electricity,50465
2040,2551,electricity,55273
2040,2552,electricity,61194
2040,2553,electricity,65515
2040,2554,electricity,68628
2040,2555,electricity,69622
2040,2556,electricity,69953
2040,2557,electricity,70536
2040,2558,electricity,69838
2040,2559,electricity,68229
2040,2560,electricity,65949
2040,2561,electricity,63550
2040,2562,electricity,62167
2040,2563,electricity,62686
2040,2564,electricity,64147
2040,2565,electricity,62921
2040,2566,electricity,63240
2040,2567,electricity,61719
2040,2568,electricity,64597
2040,2569,electricity,62499
2040,2570,electricity,57103
2040,2571,electricity,55105
2040,2572,electricity,51656
2040,2573,electricity,49381
2040,2574,electricity,49145
2040,2575,electricity,50849
2040,2576,electricity,52106
2040,2577,electricity,55232
2040,2578,electricity,58980
2040,2579,electricity,60745
2040,2580,electricity,61136
2040,2581,electricity,62521
2040,2582,electricity,62348
2040,2583,electricity,59468
2040,2584,electricity,56577
2040,2585,electricity,54390
2040,2586,electricity,53279
2040,2587,electricity,54109
2040,2588,electricity,56275
2040,2589,electricity,56283
2040,2590,electricity,57846
2040,2591,electricity,57624
2040,2592,electricity,61676
2040,2593,electricity,60422
2040,2594,electricity,55665
2040,2595,electricity,54073
2040,2596,electricity,50374
2040,2597,electricity,47931
2040,2598,electricity,47327
2040,2599,electricity,48181
2040,2600,electricity,48095
2040,2601,electricity,50156
2040,2602,electricity,53692
2040,2603,electricity,56264
2040,2604,electricity,57793
2040,2605,electricity,59640
2040,2606,electricity,59598
2040,2607,electricity,55688
2040,2608,electricity,52583
2040,2609,electricity,50509
2040,2610,electricity,49596
2040,2611,electricity,51190
2040,2612,electricity,54461
2040,2613,electricity,56298
2040,2614,electricity,58700
2040,2615,electricity,58223
2040,2616,electricity,61762
2040,2617,electricity,60208
2040,2618,electricity,55641
2040,2619,electricity,54402
2040,2620,electricity,51462
2040,2621,electricity,49972
2040,2622,electricity,52075
2040,2623,electricity,57876
2040,2624,electricity,63735
2040,2625,electricity,68209
2040,2626,electricity,70628
2040,2627,electricity,70976
2040,2628,electricity,70721
2040,2629,electricity,70838
2040,2630,electricity,69916
2040,2631,electricity,68399
2040,2632,electricity,65477
2040,2633,electricity,63309
2040,2634,electricity,61403
2040,2635,electricity,61533
2040,2636,electricity,63574
2040,2637,electricity,62495
2040,2638,electricity,63053
2040,2639,electricity,61890
2040,2640,electricity,65033
2040,2641,electricity,62906
2040,2642,electricity,57962
2040,2643,electricity,56625
2040,2644,electricity,53420
2040,2645,electricity,51884
2040,2646,electricity,53364
2040,2647,electricity,58201
2040,2648,electricity,63851
2040,2649,electricity,67920
2040,2650,electricity,69804
2040,2651,electricity,69869
2040,2652,electricity,69744
2040,2653,electricity,69841
2040,2654,electricity,69279
2040,2655,electricity,67931
2040,2656,electricity,65612
2040,2657,electricity,63571
2040,2658,electricity,61855
2040,2659,electricity,61801
2040,2660,electricity,63199
2040,2661,electricity,61876
2040,2662,electricity,62144
2040,2663,electricity,61426
2040,2664,electricity,64271
2040,2665,electricity,62154
2040,2666,electricity,56866
2040,2667,electricity,55466
2040,2668,electricity,52292
2040,2669,electricity,50643
2040,2670,electricity,51925
2040,2671,electricity,56597
2040,2672,electricity,61924
2040,2673,electricity,66225
2040,2674,electricity,68531
2040,2675,electricity,69079
2040,2676,electricity,69158
2040,2677,electricity,69598
2040,2678,electricity,69141
2040,2679,electricity,67968
2040,2680,electricity,65451
2040,2681,electricity,63397
2040,2682,electricity,61852
2040,2683,electricity,62206
2040,2684,electricity,63969
2040,2685,electricity,62615
2040,2686,electricity,62618
2040,2687,electricity,61589
2040,2688,electricity,64589
2040,2689,electricity,62311
2040,2690,electricity,57174
2040,2691,electricity,55610
2040,2692,electricity,52655
2040,2693,electricity,50939
2040,2694,electricity,52225
2040,2695,electricity,56673
2040,2696,electricity,61924
2040,2697,electricity,66216
2040,2698,electricity,68554
2040,2699,electricity,69159
2040,2700,electricity,69387
2040,2701,electricity,69907
2040,2702,electricity,69206
2040,2703,electricity,67921
2040,2704,electricity,65517
2040,2705,electricity,63643
2040,2706,electricity,61915
2040,2707,electricity,61992
2040,2708,electricity,63489
2040,2709,electricity,61866
2040,2710,electricity,62154
2040,2711,electricity,61416
2040,2712,electricity,64179
2040,2713,electricity,62223
2040,2714,electricity,57037
2040,2715,electricity,55351
2040,2716,electricity,52312
2040,2717,electricity,50544
2040,2718,electricity,51803
2040,2719,electricity,56327
2040,2720,electricity,61350
2040,2721,electricity,65598
2040,2722,electricity,68218
2040,2723,electricity,68897
2040,2724,electricity,68883
2040,2725,electricity,69155
2040,2726,electricity,68505
2040,2727,electricity,66946
2040,2728,electricity,64506
2040,2729,electricity,62022
2040,2730,electricity,60424
2040,2731,electricity,60783
2040,2732,electricity,61982
2040,2733,electricity,60884
2040,2734,electricity,61326
2040,2735,electricity,60372
2040,2736,electricity,63569
2040,2737,electricity,61173
2040,2738,electricity,55284
2040,2739,electricity,53093
2040,2740,electricity,49372
2040,2741,electricity,47039
2040,2742,electricity,46650
2040,2743,electricity,47944
2040,2744,electricity,48660
2040,2745,electricity,51824
2040,2746,electricity,55965
2040,2747,electricity,58351
2040,2748,electricity,59473
2040,2749,electricity,61315
2040,2750,electricity,61511
2040,2751,electricity,58677
2040,2752,electricity,56057
2040,2753,electricity,53938
2040,2754,electricity,53106
2040,2755,electricity,53946
2040,2756,electricity,55883
2040,2757,electricity,55346
2040,2758,electricity,55819
2040,2759,electricity,55778
2040,2760,electricity,59854
2040,2761,electricity,58477
2040,2762,electricity,53280
2040,2763,electricity,51372
2040,2764,electricity,47290
2040,2765,electricity,44732
2040,2766,electricity,43994
2040,2767,electricity,44361
2040,2768,electricity,44017
2040,2769,electricity,46365
2040,2770,electricity,49842
2040,2771,electricity,52941
2040,2772,electricity,55425
2040,2773,electricity,57850
2040,2774,electricity,57961
2040,2775,electricity,54424
2040,2776,electricity,51871
2040,2777,electricity,50247
2040,2778,electricity,49766
2040,2779,electricity,51536
2040,2780,electricity,55050
2040,2781,electricity,56380
2040,2782,electricity,57214
2040,2783,electricity,56687
2040,2784,electricity,60133
2040,2785,electricity,58525
2040,2786,electricity,53610
2040,2787,electricity,52043
2040,2788,electricity,48908
2040,2789,electricity,47409
2040,2790,electricity,49309
2040,2791,electricity,54571
2040,2792,electricity,60398
2040,2793,electricity,65591
2040,2794,electricity,69221
2040,2795,electricity,70848
2040,2796,electricity,71942
2040,2797,electricity,72422
2040,2798,electricity,71820
2040,2799,electricity,70660
2040,2800,electricity,68105
2040,2801,electricity,66270
2040,2802,electricity,64716
2040,2803,electricity,65209
2040,2804,electricity,67398
2040,2805,electricity,65904
2040,2806,electricity,64732
2040,2807,electricity,63983
2040,2808,electricity,67185
2040,2809,electricity,65039
2040,2810,electricity,59760
2040,2811,electricity,58368
2040,2812,electricity,55369
2040,2813,electricity,53848
2040,2814,electricity,55567
2040,2815,electricity,60451
2040,2816,electricity,66405
2040,2817,electricity,70794
2040,2818,electricity,72708
2040,2819,electricity,73012
2040,2820,electricity,73282
2040,2821,electricity,73752
2040,2822,electricity,72847
2040,2823,electricity,71472
2040,2824,electricity,68796
2040,2825,electricity,66435
2040,2826,electricity,64779
2040,2827,electricity,65117
2040,2828,electricity,67170
2040,2829,electricity,65839
2040,2830,electricity,66060
2040,2831,electricity,65652
2040,2832,electricity,69057
2040,2833,electricity,67148
2040,2834,electricity,61836
2040,2835,electricity,60598
2040,2836,electricity,57465
2040,2837,electricity,55944
2040,2838,electricity,57180
2040,2839,electricity,62209
2040,2840,electricity,67735
2040,2841,electricity,72240
2040,2842,electricity,73946
2040,2843,electricity,73853
2040,2844,electricity,73385
2040,2845,electricity,73229
2040,2846,electricity,72695
2040,2847,electricity,71238
2040,2848,electricity,68714
2040,2849,electricity,66416
2040,2850,electricity,64913
2040,2851,electricity,65190
2040,2852,electricity,67417
2040,2853,electricity,66226
2040,2854,electricity,66051
2040,2855,electricity,65458
2040,2856,electricity,68621
2040,2857,electricity,66511
2040,2858,electricity,61227
2040,2859,electricity,59815
2040,2860,electricity,56727
2040,2861,electricity,54927
2040,2862,electricity,56168
2040,2863,electricity,60670
2040,2864,electricity,66125
2040,2865,electricity,70813
2040,2866,electricity,73204
2040,2867,electricity,73883
2040,2868,electricity,74235
2040,2869,electricity,74990
2040,2870,electricity,74498
2040,2871,electricity,73079
2040,2872,electricity,70392
2040,2873,electricity,68266
2040,2874,electricity,66409
2040,2875,electricity,66634
2040,2876,electricity,68354
2040,2877,electricity,67143
2040,2878,electricity,65911
2040,2879,electricity,64646
2040,2880,electricity,67493
2040,2881,electricity,64827
2040,2882,electricity,59122
2040,2883,electricity,57059
2040,2884,electricity,53041
2040,2885,electricity,50090
2040,2886,electricity,48731
2040,2887,electricity,49037
2040,2888,electricity,49228
2040,2889,electricity,51777
2040,2890,electricity,55135
2040,2891,electricity,57805
2040,2892,electricity,60002
2040,2893,electricity,62562
2040,2894,electricity,63108
2040,2895,electricity,59818
2040,2896,electricity,56966
2040,2897,electricity,55273
2040,2898,electricity,54616
2040,2899,electricity,56020
2040,2900,electricity,58777
2040,2901,electricity,59217
2040,2902,electricity,59638
2040,2903,electricity,59799
2040,2904,electricity,63416
2040,2905,electricity,61861
2040,2906,electricity,56610
2040,2907,electricity,54887
2040,2908,electricity,51138
2040,2909,electricity,48944
2040,2910,electricity,48877
2040,2911,electricity,50303
2040,2912,electricity,51465
2040,2913,electricity,54643
2040,2914,electricity,58480
2040,2915,electricity,60563
2040,2916,electricity,61641
2040,2917,electricity,63411
2040,2918,electricity,64311
2040,2919,electricity,61497
2040,2920,electricity,58723
2040,2921,electricity,56888
2040,2922,electricity,56078
2040,2923,electricity,57335
2040,2924,electricity,59564
2040,2925,electricity,59226
2040,2926,electricity,59281
2040,2927,electricity,59237
2040,2928,electricity,63226
2040,2929,electricity,61246
2040,2930,electricity,55920
2040,2931,electricity,53777
2040,2932,electricity,49781
2040,2933,electricity,47172
2040,2934,electricity,46452
2040,2935,electricity,46386
2040,2936,electricity,46201
2040,2937,electricity,48430
2040,2938,electricity,52226
2040,2939,electricity,55611
2040,2940,electricity,57777
2040,2941,electricity,60045
2040,2942,electricity,60212
2040,2943,electricity,56323
2040,2944,electricity,53518
2040,2945,electricity,51424
2040,2946,electricity,50308
2040,2947,electricity,51597
2040,2948,electricity,54547
2040,2949,electricity,55556
2040,2950,electricity,56424
2040,2951,electricity,57135
2040,2952,electricity,60624
2040,2953,electricity,58926
2040,2954,electricity,53813
2040,2955,electricity,52302
2040,2956,electricity,48985
2040,2957,electricity,47430
2040,2958,electricity,49109
2040,2959,electricity,54079
2040,2960,electricity,60173
2040,2961,electricity,64931
2040,2962,electricity,67651
2040,2963,electricity,68653
2040,2964,electricity,69079
2040,2965,electricity,69993
2040,2966,electricity,69694
2040,2967,electricity,68694
2040,2968,electricity,66407
2040,2969,electricity,64460
2040,2970,electricity,63004
2040,2971,electricity,63574
2040,2972,electricity,66019
2040,2973,electricity,64108
2040,2974,electricity,62273
2040,2975,electricity,61147
2040,2976,electricity,63914
2040,2977,electricity,61544
2040,2978,electricity,55798
2040,2979,electricity,53935
2040,2980,electricity,50565
2040,2981,electricity,48652
2040,2982,electricity,49840
2040,2983,electricity,54162
2040,2984,electricity,59846
2040,2985,electricity,64563
2040,2986,electricity,67476
2040,2987,electricity,68628
2040,2988,electricity,69385
2040,2989,electricity,70088
2040,2990,electricity,69459
2040,2991,electricity,68159
2040,2992,electricity,66040
2040,2993,electricity,63988
2040,2994,electricity,62329
2040,2995,electricity,62529
2040,2996,electricity,64186
2040,2997,electricity,62394
2040,2998,electricity,60934
2040,2999,electricity,61250
2040,3000,electricity,64217
2040,3001,electricity,61994
2040,3002,electricity,56445
2040,3003,electricity,54882
2040,3004,electricity,51674
2040,3005,electricity,50053
2040,3006,electricity,51512
2040,3007,electricity,55701
2040,3008,electricity,61530
2040,3009,electricity,66294
2040,3010,electricity,68586
2040,3011,electricity,69486
2040,3012,electricity,69992
2040,3013,electricity,70653
2040,3014,electricity,70175
2040,3015,electricity,68872
2040,3016,electricity,66387
2040,3017,electricity,64259
2040,3018,electricity,62700
2040,3019,electricity,62958
2040,3020,electricity,64546
2040,3021,electricity,62746
2040,3022,electricity,61589
2040,3023,electricity,61913
2040,3024,electricity,65420
2040,3025,electricity,63138
2040,3026,electricity,57607
2040,3027,electricity,56072
2040,3028,electricity,52936
2040,3029,electricity,51617
2040,3030,electricity,52938
2040,3031,electricity,57335
2040,3032,electricity,63415
2040,3033,electricity,67667
2040,3034,electricity,69541
2040,3035,electricity,69987
2040,3036,electricity,69921
2040,3037,electricity,70392
2040,3038,electricity,70167
2040,3039,electricity,68478
2040,3040,electricity,66034
2040,3041,electricity,63662
2040,3042,electricity,62029
2040,3043,electricity,61936
2040,3044,electricity,63057
2040,3045,electricity,61535
2040,3046,electricity,60463
2040,3047,electricity,61142
2040,3048,electricity,64368
2040,3049,electricity,61839
2040,3050,electricity,55910
2040,3051,electricity,53773
2040,3052,electricity,50103
2040,3053,electricity,47432
2040,3054,electricity,46768
2040,3055,electricity,47229
2040,3056,electricity,47994
2040,3057,electricity,50777
2040,3058,electricity,54279
2040,3059,electricity,56873
2040,3060,electricity,58255
2040,3061,electricity,60436
2040,3062,electricity,60477
2040,3063,electricity,57384
2040,3064,electricity,54726
2040,3065,electricity,52690
2040,3066,electricity,51776
2040,3067,electricity,52634
2040,3068,electricity,54693
2040,3069,electricity,54761
2040,3070,electricity,54892
2040,3071,electricity,56056
2040,3072,electricity,60055
2040,3073,electricity,58313
2040,3074,electricity,53021
2040,3075,electricity,51011
2040,3076,electricity,47386
2040,3077,electricity,45231
2040,3078,electricity,45161
2040,3079,electricity,46016
2040,3080,electricity,47152
2040,3081,electricity,50202
2040,3082,electricity,53939
2040,3083,electricity,56212
2040,3084,electricity,57202
2040,3085,electricity,59117
2040,3086,electricity,59510
2040,3087,electricity,56796
2040,3088,electricity,54433
2040,3089,electricity,52388
2040,3090,electricity,51219
2040,3091,electricity,51951
2040,3092,electricity,53556
2040,3093,electricity,52561
2040,3094,electricity,52449
2040,3095,electricity,54324
2040,3096,electricity,58507
2040,3097,electricity,57133
2040,3098,electricity,51889
2040,3099,electricity,50122
2040,3100,electricity,46493
2040,3101,electricity,44045
2040,3102,electricity,43232
2040,3103,electricity,42952
2040,3104,electricity,43158
2040,3105,electricity,45399
2040,3106,electricity,48615
2040,3107,electricity,51165
2040,3108,electricity,52865
2040,3109,electricity,54842
2040,3110,electricity,55182
2040,3111,electricity,51833
2040,3112,electricity,49365
2040,3113,electricity,47454
2040,3114,electricity,46671
2040,3115,electricity,48043
2040,3116,electricity,50800
2040,3117,electricity,51398
2040,3118,electricity,52361
2040,3119,electricity,54050
2040,3120,electricity,57419
2040,3121,electricity,55707
2040,3122,electricity,50603
2040,3123,electricity,49093
2040,3124,electricity,45992
2040,3125,electricity,44416
2040,3126,electricity,46110
2040,3127,electricity,50578
2040,3128,electricity,57165
2040,3129,electricity,61717
2040,3130,electricity,63992
2040,3131,electricity,65187
2040,3132,electricity,65977
2040,3133,electricity,67185
2040,3134,electricity,67490
2040,3135,electricity,66716
2040,3136,electricity,64761
2040,3137,electricity,62789
2040,3138,electricity,61259
2040,3139,electricity,61245
2040,3140,electricity,62469
2040,3141,electricity,60130
2040,3142,electricity,58583
2040,3143,electricity,59101
2040,3144,electricity,62019
2040,3145,electricity,59369
2040,3146,electricity,53607
2040,3147,electricity,51872
2040,3148,electricity,48612
2040,3149,electricity,46886
2040,3150,electricity,47927
2040,3151,electricity,51749
2040,3152,electricity,58110
2040,3153,electricity,62946
2040,3154,electricity,65269
2040,3155,electricity,66495
2040,3156,electricity,67569
2040,3157,electricity,68639
2040,3158,electricity,68254
2040,3159,electricity,67347
2040,3160,electricity,65513
2040,3161,electricity,63411
2040,3162,electricity,61760
2040,3163,electricity,61601
2040,3164,electricity,62786
2040,3165,electricity,60449
2040,3166,electricity,58671
2040,3167,electricity,59711
2040,3168,electricity,62581
2040,3169,electricity,59903
2040,3170,electricity,54061
2040,3171,electricity,52458
2040,3172,electricity,49351
2040,3173,electricity,47633
2040,3174,electricity,48935
2040,3175,electricity,52495
2040,3176,electricity,58479
2040,3177,electricity,63512
2040,3178,electricity,65862
2040,3179,electricity,66537
2040,3180,electricity,67415
2040,3181,electricity,68414
2040,3182,electricity,68398
2040,3183,electricity,67495
2040,3184,electricity,65471
2040,3185,electricity,63489
2040,3186,electricity,61907
2040,3187,electricity,61686
2040,3188,electricity,62240
2040,3189,electricity,60222
2040,3190,electricity,58348
2040,3191,electricity,59023
2040,3192,electricity,62458
2040,3193,electricity,59544
2040,3194,electricity,53432
2040,3195,electricity,51333
2040,3196,electricity,47769
2040,3197,electricity,45219
2040,3198,electricity,44230
2040,3199,electricity,43923
2040,3200,electricity,45038
2040,3201,electricity,47879
2040,3202,electricity,51496
2040,3203,electricity,54340
2040,3204,electricity,56287
2040,3205,electricity,58896
2040,3206,electricity,59317
2040,3207,electricity,56269
2040,3208,electricity,53780
2040,3209,electricity,52114
2040,3210,electricity,51316
2040,3211,electricity,52856
2040,3212,electricity,55624
2040,3213,electricity,55554
2040,3214,electricity,55020
2040,3215,electricity,55902
2040,3216,electricity,59534
2040,3217,electricity,57397
2040,3218,electricity,52324
2040,3219,electricity,50629
2040,3220,electricity,47477
2040,3221,electricity,45779
2040,3222,electricity,46647
2040,3223,electricity,49104
2040,3224,electricity,53105
2040,3225,electricity,57316
2040,3226,electricity,60714
2040,3227,electricity,62375
2040,3228,electricity,63609
2040,3229,electricity,65298
2040,3230,electricity,65119
2040,3231,electricity,62916
2040,3232,electricity,60669
2040,3233,electricity,58543
2040,3234,electricity,57804
2040,3235,electricity,58597
2040,3236,electricity,59953
2040,3237,electricity,58416
2040,3238,electricity,57272
2040,3239,electricity,58289
2040,3240,electricity,61998
2040,3241,electricity,59804
2040,3242,electricity,54483
2040,3243,electricity,52413
2040,3244,electricity,48826
2040,3245,electricity,46663
2040,3246,electricity,46706
2040,3247,electricity,47182
2040,3248,electricity,48548
2040,3249,electricity,51698
2040,3250,electricity,55724
2040,3251,electricity,58293
2040,3252,electricity,59385
2040,3253,electricity,61141
2040,3254,electricity,61606
2040,3255,electricity,58590
2040,3256,electricity,56024
2040,3257,electricity,53617
2040,3258,electricity,52520
2040,3259,electricity,53146
2040,3260,electricity,54588
2040,3261,electricity,53757
2040,3262,electricity,53096
2040,3263,electricity,54971
2040,3264,electricity,59403
2040,3265,electricity,57778
2040,3266,electricity,52538
2040,3267,electricity,50524
2040,3268,electricity,46987
2040,3269,electricity,44598
2040,3270,electricity,43901
2040,3271,electricity,43407
2040,3272,electricity,43907
2040,3273,electricity,46287
2040,3274,electricity,49404
2040,3275,electricity,52181
2040,3276,electricity,53766
2040,3277,electricity,55846
2040,3278,electricity,56084
2040,3279,electricity,52713
2040,3280,electricity,49841
2040,3281,electricity,47913
2040,3282,electricity,47106
2040,3283,electricity,48481
2040,3284,electricity,51579
2040,3285,electricity,52231
2040,3286,electricity,52432
2040,3287,electricity,54380
2040,3288,electricity,58135
2040,3289,electricity,56369
2040,3290,electricity,51228
2040,3291,electricity,49889
2040,3292,electricity,46760
2040,3293,electricity,45372
2040,3294,electricity,47203
2040,3295,electricity,51699
2040,3296,electricity,58462
2040,3297,electricity,63082
2040,3298,electricity,65423
2040,3299,electricity,66467
2040,3300,electricity,67226
2040,3301,electricity,68302
2040,3302,electricity,67848
2040,3303,electricity,66986
2040,3304,electricity,65009
2040,3305,electricity,63357
2040,3306,electricity,62010
2040,3307,electricity,62244
2040,3308,electricity,64312
2040,3309,electricity,61970
2040,3310,electricity,59448
2040,3311,electricity,59988
2040,3312,electricity,63254
2040,3313,electricity,60638
2040,3314,electricity,55115
2040,3315,electricity,53685
2040,3316,electricity,50652
2040,3317,electricity,49113
2040,3318,electricity,50590
2040,3319,electricity,54298
2040,3320,electricity,61257
2040,3321,electricity,65969
2040,3322,electricity,68196
2040,3323,electricity,69133
2040,3324,electricity,69810
2040,3325,electricity,70702
2040,3326,electricity,70040
2040,3327,electricity,68747
2040,3328,electricity,66828
2040,3329,electricity,64906
2040,3330,electricity,63739
2040,3331,electricity,64015
2040,3332,electricity,66215
2040,3333,electricity,64061
2040,3334,electricity,61282
2040,3335,electricity,61914
2040,3336,electricity,65185
2040,3337,electricity,62829
2040,3338,electricity,57235
2040,3339,electricity,55704
2040,3340,electricity,52782
2040,3341,electricity,51167
2040,3342,electricity,52352
2040,3343,electricity,56414
2040,3344,electricity,63207
2040,3345,electricity,68197
2040,3346,electricity,70148
2040,3347,electricity,70762
2040,3348,electricity,71278
2040,3349,electricity,72303
2040,3350,electricity,71627
2040,3351,electricity,70211
2040,3352,electricity,67938
2040,3353,electricity,65714
2040,3354,electricity,64056
2040,3355,electricity,64415
2040,3356,electricity,66400
2040,3357,electricity,64003
2040,3358,electricity,61562
2040,3359,electricity,62617
2040,3360,electricity,66137
2040,3361,electricity,64063
2040,3362,electricity,58531
2040,3363,electricity,57209
2040,3364,electricity,54088
2040,3365,electricity,52420
2040,3366,electricity,53720
2040,3367,electricity,57813
2040,3368,electricity,64913
2040,3369,electricity,69140
2040,3370,electricity,70375
2040,3371,electricity,70803
2040,3372,electricity,71237
2040,3373,electricity,71797
2040,3374,electricity,71223
2040,3375,electricity,69675
2040,3376,electricity,67360
2040,3377,electricity,65451
2040,3378,electricity,63652
2040,3379,electricity,63941
2040,3380,electricity,65724
2040,3381,electricity,63181
2040,3382,electricity,60812
2040,3383,electricity,61831
2040,3384,electricity,65641
2040,3385,electricity,63473
2040,3386,electricity,57913
2040,3387,electricity,56256
2040,3388,electricity,53080
2040,3389,electricity,51442
2040,3390,electricity,52882
2040,3391,electricity,56568
2040,3392,electricity,63505
2040,3393,electricity,67694
2040,3394,electricity,69526
2040,3395,electricity,69965
2040,3396,electricity,69948
2040,3397,electricity,70316
2040,3398,electricity,69467
2040,3399,electricity,67661
2040,3400,electricity,65307
2040,3401,electricity,62816
2040,3402,electricity,61192
2040,3403,electricity,61506
2040,3404,electricity,62422
2040,3405,electricity,60549
2040,3406,electricity,58683
2040,3407,electricity,60350
2040,3408,electricity,64106
2040,3409,electricity,61480
2040,3410,electricity,55604
2040,3411,electricity,53405
2040,3412,electricity,49551
2040,3413,electricity,47279
2040,3414,electricity,46857
2040,3415,electricity,47131
2040,3416,electricity,49079
2040,3417,electricity,52552
2040,3418,electricity,56452
2040,3419,electricity,58817
2040,3420,electricity,59447
2040,3421,electricity,61062
2040,3422,electricity,61249
2040,3423,electricity,58196
2040,3424,electricity,55724
2040,3425,electricity,53447
2040,3426,electricity,52423
2040,3427,electricity,53260
2040,3428,electricity,54807
2040,3429,electricity,53986
2040,3430,electricity,52879
2040,3431,electricity,54769
2040,3432,electricity,59380
2040,3433,electricity,57779
2040,3434,electricity,52436
2040,3435,electricity,50349
2040,3436,electricity,46430
2040,3437,electricity,43874
2040,3438,electricity,43115
2040,3439,electricity,42252
2040,3440,electricity,42927
2040,3441,electricity,45414
2040,3442,electricity,48878
2040,3443,electricity,51408
2040,3444,electricity,52888
2040,3445,electricity,54474
2040,3446,electricity,54736
2040,3447,electricity,51545
2040,3448,electricity,49061
2040,3449,electricity,47293
2040,3450,electricity,46496
2040,3451,electricity,47625
2040,3452,electricity,49954
2040,3453,electricity,50649
2040,3454,electricity,50826
2040,3455,electricity,53020
2040,3456,electricity,57426
2040,3457,electricity,55615
2040,3458,electricity,50155
2040,3459,electricity,48362
2040,3460,electricity,44817
2040,3461,electricity,42736
2040,3462,electricity,42473
2040,3463,electricity,42512
2040,3464,electricity,43995
2040,3465,electricity,47044
2040,3466,electricity,50971
2040,3467,electricity,54369
2040,3468,electricity,56287
2040,3469,electricity,58567
2040,3470,electricity,58803
2040,3471,electricity,56032
2040,3472,electricity,53456
2040,3473,electricity,51733
2040,3474,electricity,50952
2040,3475,electricity,52571
2040,3476,electricity,55498
2040,3477,electricity,54942
2040,3478,electricity,53928
2040,3479,electricity,55378
2040,3480,electricity,59365
2040,3481,electricity,57100
2040,3482,electricity,52077
2040,3483,electricity,50514
2040,3484,electricity,47409
2040,3485,electricity,45744
2040,3486,electricity,47472
2040,3487,electricity,51660
2040,3488,electricity,58897
2040,3489,electricity,63827
2040,3490,electricity,66630
2040,3491,electricity,67793
2040,3492,electricity,68647
2040,3493,electricity,69477
2040,3494,electricity,68960
2040,3495,electricity,67823
2040,3496,electricity,65902
2040,3497,electricity,64110
2040,3498,electricity,62704
2040,3499,electricity,62969
2040,3500,electricity,64375
2040,3501,electricity,61935
2040,3502,electricity,58966
2040,3503,electricity,59718
2040,3504,electricity,63209
2040,3505,electricity,60780
2040,3506,electricity,54971
2040,3507,electricity,53484
2040,3508,electricity,50362
2040,3509,electricity,48912
2040,3510,electricity,50206
2040,3511,electricity,53520
2040,3512,electricity,60158
2040,3513,electricity,64770
2040,3514,electricity,67087
2040,3515,electricity,68024
2040,3516,electricity,68673
2040,3517,electricity,69359
2040,3518,electricity,68971
2040,3519,electricity,68048
2040,3520,electricity,65833
2040,3521,electricity,63908
2040,3522,electricity,62342
2040,3523,electricity,62342
2040,3524,electricity,63736
2040,3525,electricity,61372
2040,3526,electricity,58896
2040,3527,electricity,59983
2040,3528,electricity,63430
2040,3529,electricity,60885
2040,3530,electricity,55278
2040,3531,electricity,53648
2040,3532,electricity,50486
2040,3533,electricity,48811
2040,3534,electricity,49756
2040,3535,electricity,53229
2040,3536,electricity,60099
2040,3537,electricity,64595
2040,3538,electricity,66850
2040,3539,electricity,68136
2040,3540,electricity,68786
2040,3541,electricity,69481
2040,3542,electricity,69309
2040,3543,electricity,68252
2040,3544,electricity,66392
2040,3545,electricity,64499
2040,3546,electricity,62985
2040,3547,electricity,63086
2040,3548,electricity,64550
2040,3549,electricity,61941
2040,3550,electricity,59142
2040,3551,electricity,60036
2040,3552,electricity,63489
2040,3553,electricity,60940
2040,3554,electricity,55003
2040,3555,electricity,53323
2040,3556,electricity,50237
2040,3557,electricity,48518
2040,3558,electricity,49677
2040,3559,electricity,52912
2040,3560,electricity,59768
2040,3561,electricity,64555
2040,3562,electricity,67036
2040,3563,electricity,67791
2040,3564,electricity,68570
2040,3565,electricity,69089
2040,3566,electricity,68649
2040,3567,electricity,67303
2040,3568,electricity,65019
2040,3569,electricity,62831
2040,3570,electricity,61511
2040,3571,electricity,61874
2040,3572,electricity,62637
2040,3573,electricity,60412
2040,3574,electricity,57937
2040,3575,electricity,59175
2040,3576,electricity,62918
2040,3577,electricity,60159
2040,3578,electricity,54155
2040,3579,electricity,52125
2040,3580,electricity,48400
2040,3581,electricity,46032
2040,3582,electricity,45648
2040,3583,electricity,45695
2040,3584,electricity,47787
2040,3585,electricity,51258
2040,3586,electricity,55220
2040,3587,electricity,57482
2040,3588,electricity,58273
2040,3589,electricity,60074
2040,3590,electricity,60309
2040,3591,electricity,57633
2040,3592,electricity,55232
2040,3593,electricity,53177
2040,3594,electricity,52106
2040,3595,electricity,52713
2040,3596,electricity,53886
2040,3597,electricity,52738
2040,3598,electricity,51460
2040,3599,electricity,53783
2040,3600,electricity,58817
2040,3601,electricity,57024
2040,3602,electricity,51486
2040,3603,electricity,49331
2040,3604,electricity,45488
2040,3605,electricity,43052
2040,3606,electricity,42074
2040,3607,electricity,41072
2040,3608,electricity,41816
2040,3609,electricity,44355
2040,3610,electricity,48203
2040,3611,electricity,51439
2040,3612,electricity,53376
2040,3613,electricity,55724
2040,3614,electricity,55964
2040,3615,electricity,52682
2040,3616,electricity,50249
2040,3617,electricity,48791
2040,3618,electricity,48189
2040,3619,electricity,49663
2040,3620,electricity,52578
2040,3621,electricity,53116
2040,3622,electricity,52724
2040,3623,electricity,54360
2040,3624,electricity,58305
2040,3625,electricity,56203
2040,3626,electricity,50977
2040,3627,electricity,49419
2040,3628,electricity,46294
2040,3629,electricity,45054
2040,3630,electricity,46774
2040,3631,electricity,50797
2040,3632,electricity,57958
2040,3633,electricity,63098
2040,3634,electricity,65894
2040,3635,electricity,67200
2040,3636,electricity,67965
2040,3637,electricity,68777
2040,3638,electricity,68453
2040,3639,electricity,67551
2040,3640,electricity,65388
2040,3641,electricity,63554
2040,3642,electricity,61953
2040,3643,electricity,62290
2040,3644,electricity,64021
2040,3645,electricity,61457
2040,3646,electricity,58610
2040,3647,electricity,59463
2040,3648,electricity,63184
2040,3649,electricity,60341
2040,3650,electricity,54548
2040,3651,electricity,52874
2040,3652,electricity,49750
2040,3653,electricity,47867
2040,3654,electricity,49113
2040,3655,electricity,52356
2040,3656,electricity,59544
2040,3657,electricity,64468
2040,3658,electricity,67162
2040,3659,electricity,68579
2040,3660,electricity,69234
2040,3661,electricity,70135
2040,3662,electricity,69667
2040,3663,electricity,68732
2040,3664,electricity,67030
2040,3665,electricity,65505
2040,3666,electricity,64210
2040,3667,electricity,64375
2040,3668,electricity,65367
2040,3669,electricity,62433
2040,3670,electricity,59256
2040,3671,electricity,60180
2040,3672,electricity,63971
2040,3673,electricity,61055
2040,3674,electricity,54851
2040,3675,electricity,53028
2040,3676,electricity,49752
2040,3677,electricity,48012
2040,3678,electricity,48885
2040,3679,electricity,52148
2040,3680,electricity,58839
2040,3681,electricity,64228
2040,3682,electricity,67044
2040,3683,electricity,68377
2040,3684,electricity,69242
2040,3685,electricity,70332
2040,3686,electricity,69936
2040,3687,electricity,69249
2040,3688,electricity,67774
2040,3689,electricity,66008
2040,3690,electricity,64599
2040,3691,electricity,64466
2040,3692,electricity,65506
2040,3693,electricity,62685
2040,3694,electricity,59488
2040,3695,electricity,60496
2040,3696,electricity,64557
2040,3697,electricity,61540
2040,3698,electricity,55497
2040,3699,electricity,53662
2040,3700,electricity,50497
2040,3701,electricity,48750
2040,3702,electricity,49555
2040,3703,electricity,52665
2040,3704,electricity,59501
2040,3705,electricity,64165
2040,3706,electricity,66847
2040,3707,electricity,68487
2040,3708,electricity,69528
2040,3709,electricity,70482
2040,3710,electricity,70486
2040,3711,electricity,69870
2040,3712,electricity,68405
2040,3713,electricity,66753
2040,3714,electricity,65397
2040,3715,electricity,65310
2040,3716,electricity,66052
2040,3717,electricity,63044
2040,3718,electricity,59652
2040,3719,electricity,60948
2040,3720,electricity,65039
2040,3721,electricity,61879
2040,3722,electricity,55464
2040,3723,electricity,53534
2040,3724,electricity,50244
2040,3725,electricity,48454
2040,3726,electricity,49223
2040,3727,electricity,52079
2040,3728,electricity,58593
2040,3729,electricity,63646
2040,3730,electricity,67091
2040,3731,electricity,69068
2040,3732,electricity,70482
2040,3733,electricity,71492
2040,3734,electricity,71470
2040,3735,electricity,70385
2040,3736,electricity,68514
2040,3737,electricity,66564
2040,3738,electricity,64983
2040,3739,electricity,64715
2040,3740,electricity,64324
2040,3741,electricity,61214
2040,3742,electricity,58293
2040,3743,electricity,59357
2040,3744,electricity,63423
2040,3745,electricity,60239
2040,3746,electricity,53702
2040,3747,electricity,51586
2040,3748,electricity,47777
2040,3749,electricity,45493
2040,3750,electricity,44907
2040,3751,electricity,44653
2040,3752,electricity,46858
2040,3753,electricity,50445
2040,3754,electricity,54894
2040,3755,electricity,57344
2040,3756,electricity,58345
2040,3757,electricity,60005
2040,3758,electricity,60543
2040,3759,electricity,58170
2040,3760,electricity,56434
2040,3761,electricity,54695
2040,3762,electricity,53824
2040,3763,electricity,54257
2040,3764,electricity,55050
2040,3765,electricity,53321
2040,3766,electricity,51627
2040,3767,electricity,53524
2040,3768,electricity,58492
2040,3769,electricity,56162
2040,3770,electricity,50589
2040,3771,electricity,48511
2040,3772,electricity,44719
2040,3773,electricity,42467
2040,3774,electricity,41556
2040,3775,electricity,40501
2040,3776,electricity,41323
2040,3777,electricity,43812
2040,3778,electricity,47433
2040,3779,electricity,50330
2040,3780,electricity,52243
2040,3781,electricity,54267
2040,3782,electricity,54783
2040,3783,electricity,52162
2040,3784,electricity,50091
2040,3785,electricity,48607
2040,3786,electricity,48220
2040,3787,electricity,49567
2040,3788,electricity,51983
2040,3789,electricity,52233
2040,3790,electricity,51893
2040,3791,electricity,53617
2040,3792,electricity,57850
2040,3793,electricity,55133
2040,3794,electricity,49646
2040,3795,electricity,48087
2040,3796,electricity,45242
2040,3797,electricity,43878
2040,3798,electricity,45546
2040,3799,electricity,49175
2040,3800,electricity,55963
2040,3801,electricity,60881
2040,3802,electricity,64133
2040,3803,electricity,65884
2040,3804,electricity,67077
2040,3805,electricity,68320
2040,3806,electricity,68135
2040,3807,electricity,67660
2040,3808,electricity,66096
2040,3809,electricity,64458
2040,3810,electricity,63044
2040,3811,electricity,62881
2040,3812,electricity,64149
2040,3813,electricity,61216
2040,3814,electricity,57974
2040,3815,electricity,58640
2040,3816,electricity,62505
2040,3817,electricity,59312
2040,3818,electricity,53593
2040,3819,electricity,52048
2040,3820,electricity,49141
2040,3821,electricity,47605
2040,3822,electricity,48659
2040,3823,electricity,51596
2040,3824,electricity,58359
2040,3825,electricity,63137
2040,3826,electricity,65710
2040,3827,electricity,67094
2040,3828,electricity,68228
2040,3829,electricity,69159
2040,3830,electricity,68872
2040,3831,electricity,68114
2040,3832,electricity,66565
2040,3833,electricity,64806
2040,3834,electricity,63503
2040,3835,electricity,63301
2040,3836,electricity,64313
2040,3837,electricity,61584
2040,3838,electricity,58279
2040,3839,electricity,58849
2040,3840,electricity,62755
2040,3841,electricity,59655
2040,3842,electricity,53891
2040,3843,electricity,52188
2040,3844,electricity,49431
2040,3845,electricity,47939
2040,3846,electricity,48834
2040,3847,electricity,51698
2040,3848,electricity,58117
2040,3849,electricity,63006
2040,3850,electricity,65886
2040,3851,electricity,67050
2040,3852,electricity,68089
2040,3853,electricity,69351
2040,3854,electricity,68837
2040,3855,electricity,68249
2040,3856,electricity,66658
2040,3857,electricity,64869
2040,3858,electricity,63835
2040,3859,electricity,63884
2040,3860,electricity,64959
2040,3861,electricity,61959
2040,3862,electricity,58735
2040,3863,electricity,59251
2040,3864,electricity,63099
2040,3865,electricity,60215
2040,3866,electricity,54516
2040,3867,electricity,52858
2040,3868,electricity,49665
2040,3869,electricity,48042
2040,3870,electricity,49015
2040,3871,electricity,51892
2040,3872,electricity,58439
2040,3873,electricity,63358
2040,3874,electricity,66374
2040,3875,electricity,68146
2040,3876,electricity,69690
2040,3877,electricity,70522
2040,3878,electricity,70413
2040,3879,electricity,69854
2040,3880,electricity,68505
2040,3881,electricity,66774
2040,3882,electricity,65490
2040,3883,electricity,65242
2040,3884,electricity,65591
2040,3885,electricity,62370
2040,3886,electricity,59089
2040,3887,electricity,59775
2040,3888,electricity,63600
2040,3889,electricity,60313
2040,3890,electricity,54436
2040,3891,electricity,52751
2040,3892,electricity,49466
2040,3893,electricity,47808
2040,3894,electricity,48602
2040,3895,electricity,51424
2040,3896,electricity,57999
2040,3897,electricity,62965
2040,3898,electricity,66236
2040,3899,electricity,67989
2040,3900,electricity,69430
2040,3901,electricity,70275
2040,3902,electricity,69322
2040,3903,electricity,67914
2040,3904,electricity,66175
2040,3905,electricity,63868
2040,3906,electricity,62510
2040,3907,electricity,62287
2040,3908,electricity,62428
2040,3909,electricity,59547
2040,3910,electricity,56710
2040,3911,electricity,57309
2040,3912,electricity,61696
2040,3913,electricity,58460
2040,3914,electricity,52360
2040,3915,electricity,50401
2040,3916,electricity,46825
2040,3917,electricity,44760
2040,3918,electricity,44243
2040,3919,electricity,44098
2040,3920,electricity,46125
2040,3921,electricity,49503
2040,3922,electricity,53757
2040,3923,electricity,56431
2040,3924,electricity,57732
2040,3925,electricity,59491
2040,3926,electricity,59739
2040,3927,electricity,57323
2040,3928,electricity,55452
2040,3929,electricity,53699
2040,3930,electricity,52619
2040,3931,electricity,53334
2040,3932,electricity,54229
2040,3933,electricity,52389
2040,3934,electricity,50610
2040,3935,electricity,52146
2040,3936,electricity,57368
2040,3937,electricity,55357
2040,3938,electricity,49971
2040,3939,electricity,47984
2040,3940,electricity,44320
2040,3941,electricity,41851
2040,3942,electricity,41046
2040,3943,electricity,39986
2040,3944,electricity,40807
2040,3945,electricity,43062
2040,3946,electricity,46603
2040,3947,electricity,49800
2040,3948,electricity,52243
2040,3949,electricity,54594
2040,3950,electricity,55008
2040,3951,electricity,51685
2040,3952,electricity,49733
2040,3953,electricity,48253
2040,3954,electricity,47901
2040,3955,electricity,49112
2040,3956,electricity,51825
2040,3957,electricity,52027
2040,3958,electricity,51450
2040,3959,electricity,52690
2040,3960,electricity,56896
2040,3961,electricity,54364
2040,3962,electricity,49152
2040,3963,electricity,47655
2040,3964,electricity,44583
2040,3965,electricity,43243
2040,3966,electricity,45095
2040,3967,electricity,48614
2040,3968,electricity,55395
2040,3969,electricity,60783
2040,3970,electricity,63950
2040,3971,electricity,65737
2040,3972,electricity,66872
2040,3973,electricity,67944
2040,3974,electricity,67687
2040,3975,electricity,66899
2040,3976,electricity,65205
2040,3977,electricity,63637
2040,3978,electricity,62284
2040,3979,electricity,62308
2040,3980,electricity,63604
2040,3981,electricity,60622
2040,3982,electricity,57162
2040,3983,electricity,57544
2040,3984,electricity,61554
2040,3985,electricity,58687
2040,3986,electricity,52855
2040,3987,electricity,51287
2040,3988,electricity,48336
2040,3989,electricity,46848
2040,3990,electricity,47738
2040,3991,electricity,50803
2040,3992,electricity,57404
2040,3993,electricity,62410
2040,3994,electricity,65356
2040,3995,electricity,66788
2040,3996,electricity,67866
2040,3997,electricity,68681
2040,3998,electricity,68163
2040,3999,electricity,67601
2040,4000,electricity,65921
2040,4001,electricity,64139
2040,4002,electricity,62869
2040,4003,electricity,62692
2040,4004,electricity,63641
2040,4005,electricity,60809
2040,4006,electricity,57309
2040,4007,electricity,57801
2040,4008,electricity,61815
2040,4009,electricity,58817
2040,4010,electricity,53051
2040,4011,electricity,51515
2040,4012,electricity,48568
2040,4013,electricity,46931
2040,4014,electricity,47793
2040,4015,electricity,50895
2040,4016,electricity,57295
2040,4017,electricity,62405
2040,4018,electricity,65255
2040,4019,electricity,66757
2040,4020,electricity,67837
2040,4021,electricity,68887
2040,4022,electricity,68539
2040,4023,electricity,68195
2040,4024,electricity,66372
2040,4025,electricity,64807
2040,4026,electricity,63307
2040,4027,electricity,63222
2040,4028,electricity,63891
2040,4029,electricity,61286
2040,4030,electricity,57981
2040,4031,electricity,58602
2040,4032,electricity,62993
2040,4033,electricity,60057
2040,4034,electricity,54056
2040,4035,electricity,52217
2040,4036,electricity,49383
2040,4037,electricity,47615
2040,4038,electricity,48371
2040,4039,electricity,51391
2040,4040,electricity,58145
2040,4041,electricity,63198
2040,4042,electricity,65892
2040,4043,electricity,67931
2040,4044,electricity,69056
2040,4045,electricity,69841
2040,4046,electricity,69378
2040,4047,electricity,68791
2040,4048,electricity,67279
2040,4049,electricity,65433
2040,4050,electricity,64116
2040,4051,electricity,64000
2040,4052,electricity,64724
2040,4053,electricity,61540
2040,4054,electricity,58155
2040,4055,electricity,58586
2040,4056,electricity,62700
2040,4057,electricity,59520
2040,4058,electricity,53780
2040,4059,electricity,51992
2040,4060,electricity,49155
2040,4061,electricity,47454
2040,4062,electricity,48224
2040,4063,electricity,51016
2040,4064,electricity,57403
2040,4065,electricity,62057
2040,4066,electricity,65187
2040,4067,electricity,66578
2040,4068,electricity,67343
2040,4069,electricity,68105
2040,4070,electricity,67541
2040,4071,electricity,66223
2040,4072,electricity,64453
2040,4073,electricity,62456
2040,4074,electricity,61076
2040,4075,electricity,61168
2040,4076,electricity,61085
2040,4077,electricity,58484
2040,4078,electricity,55949
2040,4079,electricity,56882
2040,4080,electricity,61526
2040,4081,electricity,58434
2040,4082,electricity,52450
2040,4083,electricity,50337
2040,4084,electricity,46842
2040,4085,electricity,44727
2040,4086,electricity,44279
2040,4087,electricity,44067
2040,4088,electricity,46030
2040,4089,electricity,49403
2040,4090,electricity,53544
2040,4091,electricity,55952
2040,4092,electricity,57062
2040,4093,electricity,59142
2040,4094,electricity,59247
2040,4095,electricity,56768
2040,4096,electricity,54715
2040,4097,electricity,53219
2040,4098,electricity,52423
2040,4099,electricity,53133
2040,4100,electricity,53981
2040,4101,electricity,52405
2040,4102,electricity,50913
2040,4103,electricity,52397
2040,4104,electricity,57515
2040,4105,electricity,55657
2040,4106,electricity,50102
2040,4107,electricity,48127
2040,4108,electricity,44385
2040,4109,electricity,42153
2040,4110,electricity,40996
2040,4111,electricity,39717
2040,4112,electricity,40647
2040,4113,electricity,43076
2040,4114,electricity,46756
2040,4115,electricity,49870
2040,4116,electricity,52027
2040,4117,electricity,54236
2040,4118,electricity,54557
2040,4119,electricity,51604
2040,4120,electricity,49722
2040,4121,electricity,48157
2040,4122,electricity,47832
2040,4123,electricity,48929
2040,4124,electricity,51219
2040,4125,electricity,51368
2040,4126,electricity,50949
2040,4127,electricity,52686
2040,4128,electricity,57552
2040,4129,electricity,55133
2040,4130,electricity,49599
2040,4131,electricity,48017
2040,4132,electricity,45066
2040,4133,electricity,43822
2040,4134,electricity,45342
2040,4135,electricity,48657
2040,4136,electricity,55176
2040,4137,electricity,60463
2040,4138,electricity,63858
2040,4139,electricity,65679
2040,4140,electricity,67278
2040,4141,electricity,68697
2040,4142,electricity,68651
2040,4143,electricity,68183
2040,4144,electricity,66642
2040,4145,electricity,65126
2040,4146,electricity,63969
2040,4147,electricity,64165
2040,4148,electricity,65470
2040,4149,electricity,62441
2040,4150,electricity,59040
2040,4151,electricity,59078
2040,4152,electricity,63056
2040,4153,electricity,59765
2040,4154,electricity,53726
2040,4155,electricity,52238
2040,4156,electricity,49310
2040,4157,electricity,47662
2040,4158,electricity,48755
2040,4159,electricity,51581
2040,4160,electricity,57916
2040,4161,electricity,62898
2040,4162,electricity,65850
2040,4163,electricity,67195
2040,4164,electricity,68372
2040,4165,electricity,69530
2040,4166,electricity,69019
2040,4167,electricity,68282
2040,4168,electricity,66754
2040,4169,electricity,64999
2040,4170,electricity,63549
2040,4171,electricity,63396
2040,4172,electricity,64336
2040,4173,electricity,61413
2040,4174,electricity,58337
2040,4175,electricity,58740
2040,4176,electricity,63283
2040,4177,electricity,60087
2040,4178,electricity,54044
2040,4179,electricity,52554
2040,4180,electricity,49264
2040,4181,electricity,47669
2040,4182,electricity,48571
2040,4183,electricity,51399
2040,4184,electricity,57375
2040,4185,electricity,62800
2040,4186,electricity,65838
2040,4187,electricity,67179
2040,4188,electricity,68263
2040,4189,electricity,69406
2040,4190,electricity,68959
2040,4191,electricity,68618
2040,4192,electricity,66877
2040,4193,electricity,65146
2040,4194,electricity,63763
2040,4195,electricity,63554
2040,4196,electricity,64611
2040,4197,electricity,61970
2040,4198,electricity,58867
2040,4199,electricity,59478
2040,4200,electricity,63797
2040,4201,electricity,60593
2040,4202,electricity,54535
2040,4203,electricity,52749
2040,4204,electricity,49548
2040,4205,electricity,47841
2040,4206,electricity,48582
2040,4207,electricity,51340
2040,4208,electricity,57664
2040,4209,electricity,62620
2040,4210,electricity,65643
2040,4211,electricity,67538
2040,4212,electricity,68823
2040,4213,electricity,70009
2040,4214,electricity,69917
2040,4215,electricity,69552
2040,4216,electricity,68080
2040,4217,electricity,66412
2040,4218,electricity,65079
2040,4219,electricity,64778
2040,4220,electricity,65377
2040,4221,electricity,62514
2040,4222,electricity,59604
2040,4223,electricity,60103
2040,4224,electricity,64438
2040,4225,electricity,61158
2040,4226,electricity,54773
2040,4227,electricity,52923
2040,4228,electricity,49751
2040,4229,electricity,48196
2040,4230,electricity,49015
2040,4231,electricity,51412
2040,4232,electricity,57189
2040,4233,electricity,62351
2040,4234,electricity,65759
2040,4235,electricity,67919
2040,4236,electricity,69499
2040,4237,electricity,70537
2040,4238,electricity,70369
2040,4239,electricity,69520
2040,4240,electricity,67994
2040,4241,electricity,66185
2040,4242,electricity,64838
2040,4243,electricity,64411
2040,4244,electricity,63938
2040,4245,electricity,61137
2040,4246,electricity,58561
2040,4247,electricity,59499
2040,4248,electricity,64003
2040,4249,electricity,60807
2040,4250,electricity,54314
2040,4251,electricity,51950
2040,4252,electricity,48393
2040,4253,electricity,46048
2040,4254,electricity,45484
2040,4255,electricity,45270
2040,4256,electricity,47080
2040,4257,electricity,50493
2040,4258,electricity,54835
2040,4259,electricity,57418
2040,4260,electricity,58537
2040,4261,electricity,60405
2040,4262,electricity,60651
2040,4263,electricity,58415
2040,4264,electricity,56699
2040,4265,electricity,55118
2040,4266,electricity,54244
2040,4267,electricity,55051
2040,4268,electricity,55690
2040,4269,electricity,53939
2040,4270,electricity,52182
2040,4271,electricity,53740
2040,4272,electricity,59210
2040,4273,electricity,56838
2040,4274,electricity,51234
2040,4275,electricity,49217
2040,4276,electricity,45558
2040,4277,electricity,43323
2040,4278,electricity,42196
2040,4279,electricity,40790
2040,4280,electricity,41646
2040,4281,electricity,44201
2040,4282,electricity,47858
2040,4283,electricity,51059
2040,4284,electricity,53250
2040,4285,electricity,55340
2040,4286,electricity,55869
2040,4287,electricity,53341
2040,4288,electricity,51557
2040,4289,electricity,50375
2040,4290,electricity,50124
2040,4291,electricity,51195
2040,4292,electricity,53342
2040,4293,electricity,53774
2040,4294,electricity,53498
2040,4295,electricity,55313
2040,4296,electricity,59856
2040,4297,electricity,56656
2040,4298,electricity,50972
2040,4299,electricity,49165
2040,4300,electricity,46060
2040,4301,electricity,44849
2040,4302,electricity,46288
2040,4303,electricity,49457
2040,4304,electricity,55741
2040,4305,electricity,61168
2040,4306,electricity,64642
2040,4307,electricity,66965
2040,4308,electricity,68705
2040,4309,electricity,70187
2040,4310,electricity,70563
2040,4311,electricity,70482
2040,4312,electricity,69200
2040,4313,electricity,67681
2040,4314,electricity,66379
2040,4315,electricity,66155
2040,4316,electricity,66702
2040,4317,electricity,63963
2040,4318,electricity,60958
2040,4319,electricity,61368
2040,4320,electricity,65655
2040,4321,electricity,61606
2040,4322,electricity,55343
2040,4323,electricity,53605
2040,4324,electricity,50653
2040,4325,electricity,49118
2040,4326,electricity,49948
2040,4327,electricity,52538
2040,4328,electricity,58589
2040,4329,electricity,64115
2040,4330,electricity,67458
2040,4331,electricity,69979
2040,4332,electricity,71684
2040,4333,electricity,72760
2040,4334,electricity,72720
2040,4335,electricity,72564
2040,4336,electricity,71406
2040,4337,electricity,69901
2040,4338,electricity,68757
2040,4339,electricity,68327
2040,4340,electricity,68330
2040,4341,electricity,65497
2040,4342,electricity,62308
2040,4343,electricity,62471
2040,4344,electricity,65618
2040,4345,electricity,61474
2040,4346,electricity,55320
2040,4347,electricity,53762
2040,4348,electricity,51145
2040,4349,electricity,50036
2040,4350,electricity,50947
2040,4351,electricity,53629
2040,4352,electricity,59149
2040,4353,electricity,64589
2040,4354,electricity,68764
2040,4355,electricity,71259
2040,4356,electricity,73038
2040,4357,electricity,74357
2040,4358,electricity,74206
2040,4359,electricity,73906
2040,4360,electricity,72580
2040,4361,electricity,70981
2040,4362,electricity,69487
2040,4363,electricity,69097
2040,4364,electricity,68848
2040,4365,electricity,66122
2040,4366,electricity,63280
2040,4367,electricity,63865
2040,4368,electricity,67763
2040,4369,electricity,63605
2040,4370,electricity,57218
2040,4371,electricity,55131
2040,4372,electricity,52070
2040,4373,electricity,50453
2040,4374,electricity,51444
2040,4375,electricity,54125
2040,4376,electricity,59818
2040,4377,electricity,64945
2040,4378,electricity,68780
2040,4379,electricity,71165
2040,4380,electricity,72767
2040,4381,electricity,74087
2040,4382,electricity,73933
2040,4383,electricity,73533
2040,4384,electricity,72154
2040,4385,electricity,70926
2040,4386,electricity,69654
2040,4387,electricity,69249
2040,4388,electricity,68993
2040,4389,electricity,66000
2040,4390,electricity,63019
2040,4391,electricity,63600
2040,4392,electricity,67427
2040,4393,electricity,63307
2040,4394,electricity,56849
2040,4395,electricity,55065
2040,4396,electricity,52120
2040,4397,electricity,50658
2040,4398,electricity,51694
2040,4399,electricity,54041
2040,4400,electricity,59563
2040,4401,electricity,64695
2040,4402,electricity,68348
2040,4403,electricity,70845
2040,4404,electricity,72234
2040,4405,electricity,73660
2040,4406,electricity,73591
2040,4407,electricity,73017
2040,4408,electricity,71781
2040,4409,electricity,70203
2040,4410,electricity,69066
2040,4411,electricity,69018
2040,4412,electricity,68051
2040,4413,electricity,65085
2040,4414,electricity,62366
2040,4415,electricity,63219
2040,4416,electricity,67476
2040,4417,electricity,63240
2040,4418,electricity,56739
2040,4419,electricity,54570
2040,4420,electricity,51000
2040,4421,electricity,48864
2040,4422,electricity,48064
2040,4423,electricity,47770
2040,4424,electricity,49759
2040,4425,electricity,53300
2040,4426,electricity,57708
2040,4427,electricity,60513
2040,4428,electricity,62230
2040,4429,electricity,63812
2040,4430,electricity,63943
2040,4431,electricity,62267
2040,4432,electricity,60830
2040,4433,electricity,59589
2040,4434,electricity,58939
2040,4435,electricity,59511
2040,4436,electricity,59639
2040,4437,electricity,57627
2040,4438,electricity,55750
2040,4439,electricity,57089
2040,4440,electricity,61843
2040,4441,electricity,58341
2040,4442,electricity,52553
2040,4443,electricity,50519
2040,4444,electricity,47104
2040,4445,electricity,45024
2040,4446,electricity,44096
2040,4447,electricity,42846
2040,4448,electricity,43626
2040,4449,electricity,46034
2040,4450,electricity,49353
2040,4451,electricity,52361
2040,4452,electricity,54698
2040,4453,electricity,56936
2040,4454,electricity,57626
2040,4455,electricity,55303
2040,4456,electricity,53803
2040,4457,electricity,52619
2040,4458,electricity,52155
2040,4459,electricity,53140
2040,4460,electricity,54913
2040,4461,electricity,55109
2040,4462,electricity,54685
2040,4463,electricity,56511
2040,4464,electricity,60880
2040,4465,electricity,57238
2040,4466,electricity,51325
2040,4467,electricity,49658
2040,4468,electricity,47083
2040,4469,electricity,46048
2040,4470,electricity,47898
2040,4471,electricity,51046
2040,4472,electricity,56337
2040,4473,electricity,61638
2040,4474,electricity,65868
2040,4475,electricity,68543
2040,4476,electricity,70499
2040,4477,electricity,71954
2040,4478,electricity,72033
2040,4479,electricity,72309
2040,4480,electricity,71104
2040,4481,electricity,69794
2040,4482,electricity,68581
2040,4483,electricity,68162
2040,4484,electricity,68422
2040,4485,electricity,66000
2040,4486,electricity,63020
2040,4487,electricity,63654
2040,4488,electricity,67240
2040,4489,electricity,62784
2040,4490,electricity,56713
2040,4491,electricity,54854
2040,4492,electricity,51968
2040,4493,electricity,50576
2040,4494,electricity,51428
2040,4495,electricity,53999
2040,4496,electricity,58977
2040,4497,electricity,64171
2040,4498,electricity,68554
2040,4499,electricity,71203
2040,4500,electricity,73025
2040,4501,electricity,74253
2040,4502,electricity,73880
2040,4503,electricity,73667
2040,4504,electricity,72010
2040,4505,electricity,70515
2040,4506,electricity,69016
2040,4507,electricity,68387
2040,4508,electricity,68361
2040,4509,electricity,65400
2040,4510,electricity,62110
2040,4511,electricity,62855
2040,4512,electricity,66327
2040,4513,electricity,62220
2040,4514,electricity,56060
2040,4515,electricity,54445
2040,4516,electricity,51718
2040,4517,electricity,50316
2040,4518,electricity,51344
2040,4519,electricity,53666
2040,4520,electricity,58600
2040,4521,electricity,63318
2040,4522,electricity,66856
2040,4523,electricity,69030
2040,4524,electricity,70368
2040,4525,electricity,71255
2040,4526,electricity,70863
2040,4527,electricity,70253
2040,4528,electricity,68788
2040,4529,electricity,67099
2040,4530,electricity,65636
2040,4531,electricity,65444
2040,4532,electricity,65860
2040,4533,electricity,63318
2040,4534,electricity,60482
2040,4535,electricity,61019
2040,4536,electricity,64672
2040,4537,electricity,60984
2040,4538,electricity,55136
2040,4539,electricity,53595
2040,4540,electricity,50888
2040,4541,electricity,49606
2040,4542,electricity,50626
2040,4543,electricity,52909
2040,4544,electricity,57933
2040,4545,electricity,62711
2040,4546,electricity,65960
2040,4547,electricity,68215
2040,4548,electricity,69521
2040,4549,electricity,70477
2040,4550,electricity,70193
2040,4551,electricity,70030
2040,4552,electricity,68507
2040,4553,electricity,67173
2040,4554,electricity,65894
2040,4555,electricity,65345
2040,4556,electricity,65785
2040,4557,electricity,63114
2040,4558,electricity,60166
2040,4559,electricity,60885
2040,4560,electricity,65045
2040,4561,electricity,61116
2040,4562,electricity,55387
2040,4563,electricity,53574
2040,4564,electricity,50630
2040,4565,electricity,49362
2040,4566,electricity,50235
2040,4567,electricity,52650
2040,4568,electricity,57292
2040,4569,electricity,62034
2040,4570,electricity,65738
2040,4571,electricity,67836
2040,4572,electricity,69311
2040,4573,electricity,70263
2040,4574,electricity,70211
2040,4575,electricity,69783
2040,4576,electricity,68351
2040,4577,electricity,66802
2040,4578,electricity,65584
2040,4579,electricity,65359
2040,4580,electricity,65056
2040,4581,electricity,62491
2040,4582,electricity,59779
2040,4583,electricity,60951
2040,4584,electricity,65095
2040,4585,electricity,61140
2040,4586,electricity,54979
2040,4587,electricity,52658
2040,4588,electricity,49270
2040,4589,electricity,47280
2040,4590,electricity,46867
2040,4591,electricity,46555
2040,4592,electricity,48203
2040,4593,electricity,51162
2040,4594,electricity,55464
2040,4595,electricity,58127
2040,4596,electricity,59559
2040,4597,electricity,61294
2040,4598,electricity,61742
2040,4599,electricity,59790
2040,4600,electricity,58440
2040,4601,electricity,56927
2040,4602,electricity,56190
2040,4603,electricity,56749
2040,4604,electricity,57170
2040,4605,electricity,55406
2040,4606,electricity,53590
2040,4607,electricity,55243
2040,4608,electricity,59642
2040,4609,electricity,56692
2040,4610,electricity,51401
2040,4611,electricity,49521
2040,4612,electricity,46103
2040,4613,electricity,44136
2040,4614,electricity,43423
2040,4615,electricity,42276
2040,4616,electricity,42606
2040,4617,electricity,44960
2040,4618,electricity,48262
2040,4619,electricity,51077
2040,4620,electricity,52979
2040,4621,electricity,55249
2040,4622,electricity,55694
2040,4623,electricity,53338
2040,4624,electricity,51713
2040,4625,electricity,50378
2040,4626,electricity,50098
2040,4627,electricity,51129
2040,4628,electricity,52919
2040,4629,electricity,53295
2040,4630,electricity,53023
2040,4631,electricity,54859
2040,4632,electricity,58929
2040,4633,electricity,55801
2040,4634,electricity,50434
2040,4635,electricity,48901
2040,4636,electricity,46086
2040,4637,electricity,44830
2040,4638,electricity,45810
2040,4639,electricity,47222
2040,4640,electricity,50448
2040,4641,electricity,54674
2040,4642,electricity,58616
2040,4643,electricity,61160
2040,4644,electricity,62783
2040,4645,electricity,64542
2040,4646,electricity,64842
2040,4647,electricity,63955
2040,4648,electricity,62652
2040,4649,electricity,61315
2040,4650,electricity,60407
2040,4651,electricity,60525
2040,4652,electricity,60906
2040,4653,electricity,58739
2040,4654,electricity,56037
2040,4655,electricity,57046
2040,4656,electricity,60899
2040,4657,electricity,58222
2040,4658,electricity,52889
2040,4659,electricity,51109
2040,4660,electricity,47888
2040,4661,electricity,45857
2040,4662,electricity,45147
2040,4663,electricity,44256
2040,4664,electricity,44895
2040,4665,electricity,47302
2040,4666,electricity,50836
2040,4667,electricity,54056
2040,4668,electricity,56212
2040,4669,electricity,58624
2040,4670,electricity,59285
2040,4671,electricity,57016
2040,4672,electricity,55368
2040,4673,electricity,54276
2040,4674,electricity,53796
2040,4675,electricity,54777
2040,4676,electricity,56236
2040,4677,electricity,55722
2040,4678,electricity,54689
2040,4679,electricity,56352
2040,4680,electricity,60176
2040,4681,electricity,57658
2040,4682,electricity,52205
2040,4683,electricity,50448
2040,4684,electricity,47527
2040,4685,electricity,46413
2040,4686,electricity,48233
2040,4687,electricity,51169
2040,4688,electricity,55857
2040,4689,electricity,61113
2040,4690,electricity,65413
2040,4691,electricity,68362
2040,4692,electricity,70288
2040,4693,electricity,71981
2040,4694,electricity,72076
2040,4695,electricity,71997
2040,4696,electricity,70815
2040,4697,electricity,69469
2040,4698,electricity,68092
2040,4699,electricity,67698
2040,4700,electricity,67968
2040,4701,electricity,65288
2040,4702,electricity,62230
2040,4703,electricity,63172
2040,4704,electricity,66542
2040,4705,electricity,62483
2040,4706,electricity,56294
2040,4707,electricity,54656
2040,4708,electricity,51621
2040,4709,electricity,50178
2040,4710,electricity,51109
2040,4711,electricity,53498
2040,4712,electricity,58065
2040,4713,electricity,62994
2040,4714,electricity,67216
2040,4715,electricity,70057
2040,4716,electricity,72294
2040,4717,electricity,73698
2040,4718,electricity,73727
2040,4719,electricity,73661
2040,4720,electricity,72516
2040,4721,electricity,70708
2040,4722,electricity,69506
2040,4723,electricity,68921
2040,4724,electricity,68691
2040,4725,electricity,65770
2040,4726,electricity,62865
2040,4727,electricity,63538
2040,4728,electricity,66826
2040,4729,electricity,63125
2040,4730,electricity,57351
2040,4731,electricity,55507
2040,4732,electricity,52227
2040,4733,electricity,50816
2040,4734,electricity,51905
2040,4735,electricity,54353
2040,4736,electricity,58705
2040,4737,electricity,63592
2040,4738,electricity,67632
2040,4739,electricity,70068
2040,4740,electricity,71660
2040,4741,electricity,72651
2040,4742,electricity,72478
2040,4743,electricity,72164
2040,4744,electricity,70846
2040,4745,electricity,69056
2040,4746,electricity,67670
2040,4747,electricity,67168
2040,4748,electricity,66306
2040,4749,electricity,63501
2040,4750,electricity,60703
2040,4751,electricity,62001
2040,4752,electricity,65278
2040,4753,electricity,61386
2040,4754,electricity,55244
2040,4755,electricity,53129
2040,4756,electricity,49580
2040,4757,electricity,47779
2040,4758,electricity,47317
2040,4759,electricity,47147
2040,4760,electricity,48400
2040,4761,electricity,51391
2040,4762,electricity,55403
2040,4763,electricity,58243
2040,4764,electricity,59852
2040,4765,electricity,61708
2040,4766,electricity,62270
2040,4767,electricity,60561
2040,4768,electricity,59286
2040,4769,electricity,58089
2040,4770,electricity,57200
2040,4771,electricity,57625
2040,4772,electricity,58056
2040,4773,electricity,56034
2040,4774,electricity,54045
2040,4775,electricity,55860
2040,4776,electricity,59641
2040,4777,electricity,56472
2040,4778,electricity,50900
2040,4779,electricity,49051
2040,4780,electricity,45614
2040,4781,electricity,43764
2040,4782,electricity,43262
2040,4783,electricity,42357
2040,4784,electricity,42506
2040,4785,electricity,44716
2040,4786,electricity,48038
2040,4787,electricity,51070
2040,4788,electricity,53297
2040,4789,electricity,55594
2040,4790,electricity,56256
2040,4791,electricity,53984
2040,4792,electricity,52352
2040,4793,electricity,51126
2040,4794,electricity,50819
2040,4795,electricity,51911
2040,4796,electricity,53896
2040,4797,electricity,54392
2040,4798,electricity,53987
2040,4799,electricity,56134
2040,4800,electricity,59652
2040,4801,electricity,56469
2040,4802,electricity,50878
2040,4803,electricity,49313
2040,4804,electricity,46715
2040,4805,electricity,45776
2040,4806,electricity,47650
2040,4807,electricity,50781
2040,4808,electricity,55364
2040,4809,electricity,60838
2040,4810,electricity,65234
2040,4811,electricity,67876
2040,4812,electricity,69851
2040,4813,electricity,71268
2040,4814,electricity,71346
2040,4815,electricity,71317
2040,4816,electricity,70082
2040,4817,electricity,68557
2040,4818,electricity,66831
2040,4819,electricity,66329
2040,4820,electricity,67010
2040,4821,electricity,64672
2040,4822,electricity,61213
2040,4823,electricity,62434
2040,4824,electricity,65718
2040,4825,electricity,61750
2040,4826,electricity,55737
2040,4827,electricity,54016
2040,4828,electricity,51024
2040,4829,electricity,49696
2040,4830,electricity,50908
2040,4831,electricity,53286
2040,4832,electricity,57767
2040,4833,electricity,62974
2040,4834,electricity,67422
2040,4835,electricity,70175
2040,4836,electricity,71893
2040,4837,electricity,73340
2040,4838,electricity,73284
2040,4839,electricity,73177
2040,4840,electricity,71761
2040,4841,electricity,70389
2040,4842,electricity,68976
2040,4843,electricity,68390
2040,4844,electricity,68043
2040,4845,electricity,65120
2040,4846,electricity,61771
2040,4847,electricity,63031
2040,4848,electricity,66223
2040,4849,electricity,62211
2040,4850,electricity,56039
2040,4851,electricity,54381
2040,4852,electricity,51225
2040,4853,electricity,49970
2040,4854,electricity,50958
2040,4855,electricity,53298
2040,4856,electricity,57631
2040,4857,electricity,62540
2040,4858,electricity,66859
2040,4859,electricity,69521
2040,4860,electricity,71178
2040,4861,electricity,72375
2040,4862,electricity,72118
2040,4863,electricity,71680
2040,4864,electricity,70277
2040,4865,electricity,68614
2040,4866,electricity,67167
2040,4867,electricity,66579
2040,4868,electricity,66615
2040,4869,electricity,63660
2040,4870,electricity,60501
2040,4871,electricity,61399
2040,4872,electricity,64660
2040,4873,electricity,60615
2040,4874,electricity,54944
2040,4875,electricity,53428
2040,4876,electricity,50510
2040,4877,electricity,49210
2040,4878,electricity,50193
2040,4879,electricity,52857
2040,4880,electricity,56907
2040,4881,electricity,61772
2040,4882,electricity,65559
2040,4883,electricity,67917
2040,4884,electricity,69652
2040,4885,electricity,70998
2040,4886,electricity,70663
2040,4887,electricity,70494
2040,4888,electricity,69132
2040,4889,electricity,67667
2040,4890,electricity,66229
2040,4891,electricity,65924
2040,4892,electricity,65925
2040,4893,electricity,63177
2040,4894,electricity,60246
2040,4895,electricity,61634
2040,4896,electricity,64702
2040,4897,electricity,60781
2040,4898,electricity,54748
2040,4899,electricity,53143
2040,4900,electricity,50197
2040,4901,electricity,48815
2040,4902,electricity,49847
2040,4903,electricity,52159
2040,4904,electricity,56065
2040,4905,electricity,60917
2040,4906,electricity,64957
2040,4907,electricity,67736
2040,4908,electricity,69425
2040,4909,electricity,70706
2040,4910,electricity,70350
2040,4911,electricity,69290
2040,4912,electricity,68204
2040,4913,electricity,66350
2040,4914,electricity,64690
2040,4915,electricity,64114
2040,4916,electricity,63690
2040,4917,electricity,60895
2040,4918,electricity,58393
2040,4919,electricity,59808
2040,4920,electricity,62711
2040,4921,electricity,59040
2040,4922,electricity,53132
2040,4923,electricity,51223
2040,4924,electricity,47889
2040,4925,electricity,45729
2040,4926,electricity,45625
2040,4927,electricity,45989
2040,4928,electricity,46850
2040,4929,electricity,49774
2040,4930,electricity,53477
2040,4931,electricity,56157
2040,4932,electricity,57487
2040,4933,electricity,59190
2040,4934,electricity,59389
2040,4935,electricity,57261
2040,4936,electricity,55631
2040,4937,electricity,54099
2040,4938,electricity,53235
2040,4939,electricity,53768
2040,4940,electricity,54518
2040,4941,electricity,52944
2040,4942,electricity,51228
2040,4943,electricity,53537
2040,4944,electricity,57517
2040,4945,electricity,54657
2040,4946,electricity,49354
2040,4947,electricity,47489
2040,4948,electricity,44295
2040,4949,electricity,42343
2040,4950,electricity,41773
2040,4951,electricity,40970
2040,4952,electricity,40991
2040,4953,electricity,43135
2040,4954,electricity,46318
2040,4955,electricity,49412
2040,4956,electricity,51739
2040,4957,electricity,54179
2040,4958,electricity,54828
2040,4959,electricity,52158
2040,4960,electricity,50370
2040,4961,electricity,48857
2040,4962,electricity,48518
2040,4963,electricity,49835
2040,4964,electricity,52028
2040,4965,electricity,52396
2040,4966,electricity,52032
2040,4967,electricity,53945
2040,4968,electricity,57362
2040,4969,electricity,54236
2040,4970,electricity,49052
2040,4971,electricity,47390
2040,4972,electricity,44701
2040,4973,electricity,43646
2040,4974,electricity,45362
2040,4975,electricity,48534
2040,4976,electricity,52693
2040,4977,electricity,57592
2040,4978,electricity,61736
2040,4979,electricity,64177
2040,4980,electricity,65693
2040,4981,electricity,66999
2040,4982,electricity,66718
2040,4983,electricity,65943
2040,4984,electricity,64544
2040,4985,electricity,62739
2040,4986,electricity,61346
2040,4987,electricity,61147
2040,4988,electricity,62022
2040,4989,electricity,59777
2040,4990,electricity,57039
2040,4991,electricity,58222
2040,4992,electricity,61363
2040,4993,electricity,57966
2040,4994,electricity,52203
2040,4995,electricity,50542
2040,4996,electricity,47667
2040,4997,electricity,46195
2040,4998,electricity,47399
2040,4999,electricity,50128
2040,5000,electricity,53891
2040,5001,electricity,58844
2040,5002,electricity,62531
2040,5003,electricity,64769
2040,5004,electricity,66228
2040,5005,electricity,67263
2040,5006,electricity,66970
2040,5007,electricity,66212
2040,5008,electricity,64797
2040,5009,electricity,63216
2040,5010,electricity,61902
2040,5011,electricity,61913
2040,5012,electricity,63034
2040,5013,electricity,60815
2040,5014,electricity,58022
2040,5015,electricity,58865
2040,5016,electricity,61778
2040,5017,electricity,58288
2040,5018,electricity,52587
2040,5019,electricity,50999
2040,5020,electricity,48082
2040,5021,electricity,46746
2040,5022,electricity,47796
2040,5023,electricity,50508
2040,5024,electricity,54237
2040,5025,electricity,59065
2040,5026,electricity,62755
2040,5027,electricity,64807
2040,5028,electricity,66256
2040,5029,electricity,67555
2040,5030,electricity,67108
2040,5031,electricity,66112
2040,5032,electricity,64240
2040,5033,electricity,62545
2040,5034,electricity,61241
2040,5035,electricity,60879
2040,5036,electricity,61663
2040,5037,electricity,59304
2040,5038,electricity,56765
2040,5039,electricity,58045
2040,5040,electricity,61030
2040,5041,electricity,57708
2040,5042,electricity,52037
2040,5043,electricity,50453
2040,5044,electricity,47629
2040,5045,electricity,46138
2040,5046,electricity,47271
2040,5047,electricity,49935
2040,5048,electricity,53684
2040,5049,electricity,58314
2040,5050,electricity,61902
2040,5051,electricity,63856
2040,5052,electricity,65265
2040,5053,electricity,66095
2040,5054,electricity,65749
2040,5055,electricity,64910
2040,5056,electricity,63094
2040,5057,electricity,61287
2040,5058,electricity,59962
2040,5059,electricity,59816
2040,5060,electricity,60557
2040,5061,electricity,58114
2040,5062,electricity,55873
2040,5063,electricity,57504
2040,5064,electricity,60669
2040,5065,electricity,57435
2040,5066,electricity,51916
2040,5067,electricity,50192
2040,5068,electricity,47141
2040,5069,electricity,45561
2040,5070,electricity,46572
2040,5071,electricity,49226
2040,5072,electricity,52678
2040,5073,electricity,57065
2040,5074,electricity,60498
2040,5075,electricity,62475
2040,5076,electricity,63601
2040,5077,electricity,64436
2040,5078,electricity,64162
2040,5079,electricity,63078
2040,5080,electricity,61070
2040,5081,electricity,59163
2040,5082,electricity,57895
2040,5083,electricity,58167
2040,5084,electricity,58525
2040,5085,electricity,56331
2040,5086,electricity,54532
2040,5087,electricity,55788
2040,5088,electricity,59034
2040,5089,electricity,55738
2040,5090,electricity,49999
2040,5091,electricity,48155
2040,5092,electricity,44827
2040,5093,electricity,42863
2040,5094,electricity,42681
2040,5095,electricity,43073
2040,5096,electricity,43592
2040,5097,electricity,46352
2040,5098,electricity,50086
2040,5099,electricity,52820
2040,5100,electricity,54264
2040,5101,electricity,56140
2040,5102,electricity,56682
2040,5103,electricity,54666
2040,5104,electricity,52988
2040,5105,electricity,51449
2040,5106,electricity,50642
2040,5107,electricity,51377
2040,5108,electricity,52338
2040,5109,electricity,50984
2040,5110,electricity,49804
2040,5111,electricity,51959
2040,5112,electricity,55829
2040,5113,electricity,53270
2040,5114,electricity,47974
2040,5115,electricity,46185
2040,5116,electricity,42801
2040,5117,electricity,40773
2040,5118,electricity,40272
2040,5119,electricity,39943
2040,5120,electricity,39657
2040,5121,electricity,41879
2040,5122,electricity,45269
2040,5123,electricity,48148
2040,5124,electricity,50067
2040,5125,electricity,51989
2040,5126,electricity,52635
2040,5127,electricity,50045
2040,5128,electricity,48393
2040,5129,electricity,47119
2040,5130,electricity,46642
2040,5131,electricity,47769
2040,5132,electricity,49629
2040,5133,electricity,50069
2040,5134,electricity,50117
2040,5135,electricity,52574
2040,5136,electricity,56026
2040,5137,electricity,52941
2040,5138,electricity,47465
2040,5139,electricity,45948
2040,5140,electricity,42981
2040,5141,electricity,41555
2040,5142,electricity,42550
2040,5143,electricity,45037
2040,5144,electricity,47956
2040,5145,electricity,52472
2040,5146,electricity,56767
2040,5147,electricity,59449
2040,5148,electricity,61348
2040,5149,electricity,63258
2040,5150,electricity,63752
2040,5151,electricity,63113
2040,5152,electricity,61828
2040,5153,electricity,60497
2040,5154,electricity,59407
2040,5155,electricity,59246
2040,5156,electricity,59849
2040,5157,electricity,57732
2040,5158,electricity,55720
2040,5159,electricity,56862
2040,5160,electricity,59449
2040,5161,electricity,55842
2040,5162,electricity,50050
2040,5163,electricity,48436
2040,5164,electricity,45367
2040,5165,electricity,43863
2040,5166,electricity,44772
2040,5167,electricity,47206
2040,5168,electricity,49814
2040,5169,electricity,54053
2040,5170,electricity,57783
2040,5171,electricity,60126
2040,5172,electricity,61585
2040,5173,electricity,63009
2040,5174,electricity,62831
2040,5175,electricity,61745
2040,5176,electricity,60339
2040,5177,electricity,59012
2040,5178,electricity,57839
2040,5179,electricity,57760
2040,5180,electricity,58437
2040,5181,electricity,56336
2040,5182,electricity,54432
2040,5183,electricity,55874
2040,5184,electricity,58467
2040,5185,electricity,54937
2040,5186,electricity,49325
2040,5187,electricity,47823
2040,5188,electricity,44765
2040,5189,electricity,43390
2040,5190,electricity,44185
2040,5191,electricity,46586
2040,5192,electricity,49242
2040,5193,electricity,53641
2040,5194,electricity,57657
2040,5195,electricity,60272
2040,5196,electricity,62055
2040,5197,electricity,63754
2040,5198,electricity,64032
2040,5199,electricity,63280
2040,5200,electricity,62126
2040,5201,electricity,60844
2040,5202,electricity,59898
2040,5203,electricity,59935
2040,5204,electricity,60388
2040,5205,electricity,57928
2040,5206,electricity,56044
2040,5207,electricity,57376
2040,5208,electricity,60067
2040,5209,electricity,56499
2040,5210,electricity,50663
2040,5211,electricity,48986
2040,5212,electricity,45826
2040,5213,electricity,44376
2040,5214,electricity,45143
2040,5215,electricity,47592
2040,5216,electricity,50493
2040,5217,electricity,54845
2040,5218,electricity,58797
2040,5219,electricity,61110
2040,5220,electricity,62836
2040,5221,electricity,64506
2040,5222,electricity,64744
2040,5223,electricity,64065
2040,5224,electricity,62817
2040,5225,electricity,61431
2040,5226,electricity,60592
2040,5227,electricity,60702
2040,5228,electricity,60890
2040,5229,electricity,58543
2040,5230,electricity,56485
2040,5231,electricity,57905
2040,5232,electricity,60341
2040,5233,electricity,56639
2040,5234,electricity,50831
2040,5235,electricity,49196
2040,5236,electricity,46181
2040,5237,electricity,44763
2040,5238,electricity,45383
2040,5239,electricity,47633
2040,5240,electricity,50071
2040,5241,electricity,54184
2040,5242,electricity,58300
2040,5243,electricity,61126
2040,5244,electricity,62879
2040,5245,electricity,64359
2040,5246,electricity,64640
2040,5247,electricity,63789
2040,5248,electricity,62252
2040,5249,electricity,60640
2040,5250,electricity,59512
2040,5251,electricity,59490
2040,5252,electricity,59555
2040,5253,electricity,57111
2040,5254,electricity,55511
2040,5255,electricity,56772
2040,5256,electricity,59385
2040,5257,electricity,55661
2040,5258,electricity,50067
2040,5259,electricity,48250
2040,5260,electricity,44897
2040,5261,electricity,42960
2040,5262,electricity,42738
2040,5263,electricity,43234
2040,5264,electricity,43621
2040,5265,electricity,46456
2040,5266,electricity,50195
2040,5267,electricity,53025
2040,5268,electricity,54651
2040,5269,electricity,56554
2040,5270,electricity,57068
2040,5271,electricity,55131
2040,5272,electricity,53498
2040,5273,electricity,52071
2040,5274,electricity,51411
2040,5275,electricity,52162
2040,5276,electricity,52780
2040,5277,electricity,51331
2040,5278,electricity,50816
2040,5279,electricity,52069
2040,5280,electricity,55157
2040,5281,electricity,52202
2040,5282,electricity,47039
2040,5283,electricity,45445
2040,5284,electricity,42240
2040,5285,electricity,40429
2040,5286,electricity,39959
2040,5287,electricity,40008
2040,5288,electricity,39420
2040,5289,electricity,41321
2040,5290,electricity,44440
2040,5291,electricity,47030
2040,5292,electricity,49069
2040,5293,electricity,51169
2040,5294,electricity,51640
2040,5295,electricity,49073
2040,5296,electricity,47208
2040,5297,electricity,45847
2040,5298,electricity,45385
2040,5299,electricity,46364
2040,5300,electricity,48244
2040,5301,electricity,48703
2040,5302,electricity,49121
2040,5303,electricity,50876
2040,5304,electricity,53834
2040,5305,electricity,50872
2040,5306,electricity,45646
2040,5307,electricity,44128
2040,5308,electricity,41363
2040,5309,electricity,40254
2040,5310,electricity,41114
2040,5311,electricity,43755
2040,5312,electricity,46186
2040,5313,electricity,50192
2040,5314,electricity,54065
2040,5315,electricity,56505
2040,5316,electricity,58050
2040,5317,electricity,59680
2040,5318,electricity,59906
2040,5319,electricity,58991
2040,5320,electricity,57493
2040,5321,electricity,56094
2040,5322,electricity,55116
2040,5323,electricity,55404
2040,5324,electricity,56280
2040,5325,electricity,54492
2040,5326,electricity,53079
2040,5327,electricity,54103
2040,5328,electricity,56636
2040,5329,electricity,53271
2040,5330,electricity,47882
2040,5331,electricity,46382
2040,5332,electricity,43480
2040,5333,electricity,42113
2040,5334,electricity,42830
2040,5335,electricity,45232
2040,5336,electricity,47517
2040,5337,electricity,51590
2040,5338,electricity,55577
2040,5339,electricity,58011
2040,5340,electricity,59718
2040,5341,electricity,61474
2040,5342,electricity,61858
2040,5343,electricity,60993
2040,5344,electricity,59681
2040,5345,electricity,58150
2040,5346,electricity,57192
2040,5347,electricity,57365
2040,5348,electricity,57943
2040,5349,electricity,55739
2040,5350,electricity,54496
2040,5351,electricity,55096
2040,5352,electricity,57427
2040,5353,electricity,54054
2040,5354,electricity,48535
2040,5355,electricity,47101
2040,5356,electricity,44204
2040,5357,electricity,42863
2040,5358,electricity,43523
2040,5359,electricity,45819
2040,5360,electricity,47899
2040,5361,electricity,51973
2040,5362,electricity,56060
2040,5363,electricity,58881
2040,5364,electricity,60716
2040,5365,electricity,62692
2040,5366,electricity,63065
2040,5367,electricity,62159
2040,5368,electricity,61079
2040,5369,electricity,59830
2040,5370,electricity,59044
2040,5371,electricity,58982
2040,5372,electricity,59299
2040,5373,electricity,56817
2040,5374,electricity,55551
2040,5375,electricity,56224
2040,5376,electricity,58312
2040,5377,electricity,54878
2040,5378,electricity,49227
2040,5379,electricity,47759
2040,5380,electricity,44743
2040,5381,electricity,43238
2040,5382,electricity,43897
2040,5383,electricity,46228
2040,5384,electricity,48672
2040,5385,electricity,52697
2040,5386,electricity,56691
2040,5387,electricity,59444
2040,5388,electricity,61235
2040,5389,electricity,62845
2040,5390,electricity,62886
2040,5391,electricity,61662
2040,5392,electricity,59976
2040,5393,electricity,58347
2040,5394,electricity,57178
2040,5395,electricity,57189
2040,5396,electricity,57648
2040,5397,electricity,55474
2040,5398,electricity,54158
2040,5399,electricity,54253
2040,5400,electricity,56546
2040,5401,electricity,53206
2040,5402,electricity,47918
2040,5403,electricity,46536
2040,5404,electricity,43775
2040,5405,electricity,42418
2040,5406,electricity,43177
2040,5407,electricity,45638
2040,5408,electricity,47882
2040,5409,electricity,51744
2040,5410,electricity,55668
2040,5411,electricity,58006
2040,5412,electricity,59428
2040,5413,electricity,61090
2040,5414,electricity,60994
2040,5415,electricity,59589
2040,5416,electricity,57720
2040,5417,electricity,56145
2040,5418,electricity,55023
2040,5419,electricity,55195
2040,5420,electricity,55703
2040,5421,electricity,53723
2040,5422,electricity,52869
2040,5423,electricity,53284
2040,5424,electricity,55848
2040,5425,electricity,52571
2040,5426,electricity,47197
2040,5427,electricity,45587
2040,5428,electricity,42393
2040,5429,electricity,40586
2040,5430,electricity,40320
2040,5431,electricity,40965
2040,5432,electricity,40831
2040,5433,electricity,43050
2040,5434,electricity,46366
2040,5435,electricity,49154
2040,5436,electricity,50711
2040,5437,electricity,52673
2040,5438,electricity,53235
2040,5439,electricity,50716
2040,5440,electricity,48925
2040,5441,electricity,47392
2040,5442,electricity,46690
2040,5443,electricity,47375
2040,5444,electricity,48655
2040,5445,electricity,48116
2040,5446,electricity,48547
2040,5447,electricity,49649
2040,5448,electricity,52789
2040,5449,electricity,50318
2040,5450,electricity,45304
2040,5451,electricity,43659
2040,5452,electricity,40413
2040,5453,electricity,38615
2040,5454,electricity,38123
2040,5455,electricity,38480
2040,5456,electricity,37746
2040,5457,electricity,39777
2040,5458,electricity,43049
2040,5459,electricity,45855
2040,5460,electricity,47969
2040,5461,electricity,49967
2040,5462,electricity,50536
2040,5463,electricity,47918
2040,5464,electricity,45987
2040,5465,electricity,44421
2040,5466,electricity,43870
2040,5467,electricity,44931
2040,5468,electricity,47013
2040,5469,electricity,47818
2040,5470,electricity,48970
2040,5471,electricity,49707
2040,5472,electricity,52679
2040,5473,electricity,49906
2040,5474,electricity,44869
2040,5475,electricity,43407
2040,5476,electricity,40579
2040,5477,electricity,39514
2040,5478,electricity,40656
2040,5479,electricity,43841
2040,5480,electricity,46389
2040,5481,electricity,50523
2040,5482,electricity,54479
2040,5483,electricity,56672
2040,5484,electricity,58338
2040,5485,electricity,60000
2040,5486,electricity,60286
2040,5487,electricity,59035
2040,5488,electricity,57207
2040,5489,electricity,55670
2040,5490,electricity,54565
2040,5491,electricity,54906
2040,5492,electricity,56103
2040,5493,electricity,54743
2040,5494,electricity,54134
2040,5495,electricity,53964
2040,5496,electricity,56549
2040,5497,electricity,53477
2040,5498,electricity,48059
2040,5499,electricity,46720
2040,5500,electricity,43844
2040,5501,electricity,42479
2040,5502,electricity,43229
2040,5503,electricity,46263
2040,5504,electricity,48702
2040,5505,electricity,52569
2040,5506,electricity,56505
2040,5507,electricity,58571
2040,5508,electricity,59830
2040,5509,electricity,61355
2040,5510,electricity,61369
2040,5511,electricity,60066
2040,5512,electricity,58246
2040,5513,electricity,56621
2040,5514,electricity,55613
2040,5515,electricity,55889
2040,5516,electricity,57011
2040,5517,electricity,55195
2040,5518,electricity,54664
2040,5519,electricity,54617
2040,5520,electricity,57025
2040,5521,electricity,53885
2040,5522,electricity,48719
2040,5523,electricity,47293
2040,5524,electricity,44259
2040,5525,electricity,42888
2040,5526,electricity,43705
2040,5527,electricity,46590
2040,5528,electricity,49042
2040,5529,electricity,53001
2040,5530,electricity,56803
2040,5531,electricity,59021
2040,5532,electricity,60460
2040,5533,electricity,61847
2040,5534,electricity,61883
2040,5535,electricity,60546
2040,5536,electricity,58893
2040,5537,electricity,57390
2040,5538,electricity,56090
2040,5539,electricity,56314
2040,5540,electricity,57562
2040,5541,electricity,55712
2040,5542,electricity,55521
2040,5543,electricity,55079
2040,5544,electricity,57468
2040,5545,electricity,54562
2040,5546,electricity,49257
2040,5547,electricity,47706
2040,5548,electricity,44765
2040,5549,electricity,43368
2040,5550,electricity,44202
2040,5551,electricity,47285
2040,5552,electricity,49784
2040,5553,electricity,53910
2040,5554,electricity,57688
2040,5555,electricity,59944
2040,5556,electricity,61366
2040,5557,electricity,62672
2040,5558,electricity,62632
2040,5559,electricity,61569
2040,5560,electricity,60095
2040,5561,electricity,58484
2040,5562,electricity,57424
2040,5563,electricity,57642
2040,5564,electricity,58342
2040,5565,electricity,56445
2040,5566,electricity,56168
2040,5567,electricity,55824
2040,5568,electricity,58304
2040,5569,electricity,55324
2040,5570,electricity,49736
2040,5571,electricity,48189
2040,5572,electricity,45212
2040,5573,electricity,43647
2040,5574,electricity,44358
2040,5575,electricity,47351
2040,5576,electricity,49763
2040,5577,electricity,53789
2040,5578,electricity,57751
2040,5579,electricity,60314
2040,5580,electricity,61888
2040,5581,electricity,63444
2040,5582,electricity,63548
2040,5583,electricity,62397
2040,5584,electricity,60724
2040,5585,electricity,59269
2040,5586,electricity,58133
2040,5587,electricity,58096
2040,5588,electricity,58369
2040,5589,electricity,56140
2040,5590,electricity,56102
2040,5591,electricity,56180
2040,5592,electricity,58683
2040,5593,electricity,55659
2040,5594,electricity,49903
2040,5595,electricity,47995
2040,5596,electricity,44546
2040,5597,electricity,42540
2040,5598,electricity,42316
2040,5599,electricity,43456
2040,5600,electricity,43322
2040,5601,electricity,45919
2040,5602,electricity,49873
2040,5603,electricity,52951
2040,5604,electricity,54708
2040,5605,electricity,56799
2040,5606,electricity,57491
2040,5607,electricity,55557
2040,5608,electricity,53968
2040,5609,electricity,52464
2040,5610,electricity,51693
2040,5611,electricity,52310
2040,5612,electricity,52969
2040,5613,electricity,51637
2040,5614,electricity,52242
2040,5615,electricity,52433
2040,5616,electricity,55443
2040,5617,electricity,52882
2040,5618,electricity,47453
2040,5619,electricity,45655
2040,5620,electricity,42371
2040,5621,electricity,40458
2040,5622,electricity,39940
2040,5623,electricity,40287
2040,5624,electricity,39509
2040,5625,electricity,41494
2040,5626,electricity,44876
2040,5627,electricity,48131
2040,5628,electricity,50474
2040,5629,electricity,53099
2040,5630,electricity,53439
2040,5631,electricity,50475
2040,5632,electricity,48231
2040,5633,electricity,46633
2040,5634,electricity,46000
2040,5635,electricity,47141
2040,5636,electricity,49357
2040,5637,electricity,50041
2040,5638,electricity,51464
2040,5639,electricity,51299
2040,5640,electricity,54339
2040,5641,electricity,51567
2040,5642,electricity,46181
2040,5643,electricity,44798
2040,5644,electricity,42130
2040,5645,electricity,41095
2040,5646,electricity,42629
2040,5647,electricity,46877
2040,5648,electricity,50700
2040,5649,electricity,55196
2040,5650,electricity,59526
2040,5651,electricity,62226
2040,5652,electricity,64103
2040,5653,electricity,65575
2040,5654,electricity,65075
2040,5655,electricity,64258
2040,5656,electricity,62456
2040,5657,electricity,60603
2040,5658,electricity,59102
2040,5659,electricity,58904
2040,5660,electricity,60250
2040,5661,electricity,58664
2040,5662,electricity,58070
2040,5663,electricity,56710
2040,5664,electricity,59255
2040,5665,electricity,55960
2040,5666,electricity,50382
2040,5667,electricity,48794
2040,5668,electricity,45879
2040,5669,electricity,44604
2040,5670,electricity,45648
2040,5671,electricity,49306
2040,5672,electricity,52678
2040,5673,electricity,57198
2040,5674,electricity,61007
2040,5675,electricity,63168
2040,5676,electricity,64530
2040,5677,electricity,65929
2040,5678,electricity,65674
2040,5679,electricity,64804
2040,5680,electricity,63033
2040,5681,electricity,61322
2040,5682,electricity,60014
2040,5683,electricity,60064
2040,5684,electricity,61237
2040,5685,electricity,59495
2040,5686,electricity,59132
2040,5687,electricity,57557
2040,5688,electricity,60042
2040,5689,electricity,56921
2040,5690,electricity,51418
2040,5691,electricity,49991
2040,5692,electricity,47042
2040,5693,electricity,45379
2040,5694,electricity,46365
2040,5695,electricity,50102
2040,5696,electricity,53479
2040,5697,electricity,57731
2040,5698,electricity,61841
2040,5699,electricity,64291
2040,5700,electricity,65736
2040,5701,electricity,67320
2040,5702,electricity,67306
2040,5703,electricity,66817
2040,5704,electricity,65293
2040,5705,electricity,63547
2040,5706,electricity,62133
2040,5707,electricity,61960
2040,5708,electricity,62770
2040,5709,electricity,60752
2040,5710,electricity,60635
2040,5711,electricity,58759
2040,5712,electricity,61119
2040,5713,electricity,58031
2040,5714,electricity,52248
2040,5715,electricity,50537
2040,5716,electricity,47677
2040,5717,electricity,46235
2040,5718,electricity,47013
2040,5719,electricity,50829
2040,5720,electricity,54744
2040,5721,electricity,59297
2040,5722,electricity,63444
2040,5723,electricity,65823
2040,5724,electricity,67592
2040,5725,electricity,69122
2040,5726,electricity,68730
2040,5727,electricity,67887
2040,5728,electricity,66122
2040,5729,electricity,64248
2040,5730,electricity,62780
2040,5731,electricity,62675
2040,5732,electricity,63701
2040,5733,electricity,61807
2040,5734,electricity,60983
2040,5735,electricity,59081
2040,5736,electricity,61519
2040,5737,electricity,58363
2040,5738,electricity,52787
2040,5739,electricity,51072
2040,5740,electricity,48032
2040,5741,electricity,46422
2040,5742,electricity,47438
2040,5743,electricity,51296
2040,5744,electricity,54963
2040,5745,electricity,59429
2040,5746,electricity,63429
2040,5747,electricity,65739
2040,5748,electricity,67107
2040,5749,electricity,68110
2040,5750,electricity,67727
2040,5751,electricity,66542
2040,5752,electricity,64776
2040,5753,electricity,62736
2040,5754,electricity,61233
2040,5755,electricity,61178
2040,5756,electricity,61308
2040,5757,electricity,59246
2040,5758,electricity,59536
2040,5759,electricity,58219
2040,5760,electricity,60847
2040,5761,electricity,57884
2040,5762,electricity,52013
2040,5763,electricity,50069
2040,5764,electricity,46389
2040,5765,electricity,44371
2040,5766,electricity,44157
2040,5767,electricity,45451
2040,5768,electricity,45833
2040,5769,electricity,48386
2040,5770,electricity,52701
2040,5771,electricity,55621
2040,5772,electricity,57372
2040,5773,electricity,59643
2040,5774,electricity,60272
2040,5775,electricity,58335
2040,5776,electricity,56806
2040,5777,electricity,55211
2040,5778,electricity,54499
2040,5779,electricity,55183
2040,5780,electricity,55879
2040,5781,electricity,54284
2040,5782,electricity,55522
2040,5783,electricity,54798
2040,5784,electricity,58197
2040,5785,electricity,55645
2040,5786,electricity,49899
2040,5787,electricity,47866
2040,5788,electricity,44305
2040,5789,electricity,42093
2040,5790,electricity,41314
2040,5791,electricity,41770
2040,5792,electricity,41260
2040,5793,electricity,43137
2040,5794,electricity,46901
2040,5795,electricity,50230
2040,5796,electricity,52802
2040,5797,electricity,55453
2040,5798,electricity,56151
2040,5799,electricity,53532
2040,5800,electricity,51901
2040,5801,electricity,50636
2040,5802,electricity,50162
2040,5803,electricity,51203
2040,5804,electricity,53266
2040,5805,electricity,53942
2040,5806,electricity,56319
2040,5807,electricity,55205
2040,5808,electricity,57895
2040,5809,electricity,54853
2040,5810,electricity,49326
2040,5811,electricity,47475
2040,5812,electricity,44789
2040,5813,electricity,43748
2040,5814,electricity,45490
2040,5815,electricity,50167
2040,5816,electricity,54728
2040,5817,electricity,59529
2040,5818,electricity,63822
2040,5819,electricity,66495
2040,5820,electricity,68401
2040,5821,electricity,70189
2040,5822,electricity,69959
2040,5823,electricity,69772
2040,5824,electricity,68497
2040,5825,electricity,66704
2040,5826,electricity,64993
2040,5827,electricity,64831
2040,5828,electricity,65729
2040,5829,electricity,63293
2040,5830,electricity,62010
2040,5831,electricity,59340
2040,5832,electricity,61374
2040,5833,electricity,58101
2040,5834,electricity,52585
2040,5835,electricity,51184
2040,5836,electricity,48170
2040,5837,electricity,46805
2040,5838,electricity,47899
2040,5839,electricity,52291
2040,5840,electricity,58033
2040,5841,electricity,62373
2040,5842,electricity,64662
2040,5843,electricity,66984
2040,5844,electricity,68469
2040,5845,electricity,69404
2040,5846,electricity,68398
2040,5847,electricity,67997
2040,5848,electricity,66555
2040,5849,electricity,64765
2040,5850,electricity,63117
2040,5851,electricity,62966
2040,5852,electricity,64097
2040,5853,electricity,61761
2040,5854,electricity,61256
2040,5855,electricity,58833
2040,5856,electricity,60715
2040,5857,electricity,57488
2040,5858,electricity,51741
2040,5859,electricity,50467
2040,5860,electricity,47671
2040,5861,electricity,46326
2040,5862,electricity,47540
2040,5863,electricity,52103
2040,5864,electricity,57653
2040,5865,electricity,61681
2040,5866,electricity,64351
2040,5867,electricity,65939
2040,5868,electricity,67074
2040,5869,electricity,68044
2040,5870,electricity,67577
2040,5871,electricity,67104
2040,5872,electricity,65418
2040,5873,electricity,63695
2040,5874,electricity,62707
2040,5875,electricity,62407
2040,5876,electricity,63765
2040,5877,electricity,61724
2040,5878,electricity,61349
2040,5879,electricity,58771
2040,5880,electricity,60979
2040,5881,electricity,57961
2040,5882,electricity,52420
2040,5883,electricity,50719
2040,5884,electricity,48012
2040,5885,electricity,46730
2040,5886,electricity,47990
2040,5887,electricity,52576
2040,5888,electricity,59010
2040,5889,electricity,62587
2040,5890,electricity,65191
2040,5891,electricity,66492
2040,5892,electricity,67549
2040,5893,electricity,68178
2040,5894,electricity,67646
2040,5895,electricity,66820
2040,5896,electricity,65126
2040,5897,electricity,63652
2040,5898,electricity,62477
2040,5899,electricity,62616
2040,5900,electricity,64004
2040,5901,electricity,62139
2040,5902,electricity,61566
2040,5903,electricity,58868
2040,5904,electricity,61104
2040,5905,electricity,57910
2040,5906,electricity,52595
2040,5907,electricity,51075
2040,5908,electricity,48220
2040,5909,electricity,47051
2040,5910,electricity,48146
2040,5911,electricity,52832
2040,5912,electricity,59082
2040,5913,electricity,62657
2040,5914,electricity,65126
2040,5915,electricity,66436
2040,5916,electricity,67233
2040,5917,electricity,67709
2040,5918,electricity,67020
2040,5919,electricity,65788
2040,5920,electricity,63941
2040,5921,electricity,61682
2040,5922,electricity,60316
2040,5923,electricity,60587
2040,5924,electricity,61537
2040,5925,electricity,60637
2040,5926,electricity,60183
2040,5927,electricity,58093
2040,5928,electricity,60535
2040,5929,electricity,57257
2040,5930,electricity,51346
2040,5931,electricity,49518
2040,5932,electricity,46097
2040,5933,electricity,44209
2040,5934,electricity,44049
2040,5935,electricity,45556
2040,5936,electricity,46843
2040,5937,electricity,49295
2040,5938,electricity,53441
2040,5939,electricity,55843
2040,5940,electricity,56864
2040,5941,electricity,58546
2040,5942,electricity,58974
2040,5943,electricity,56342
2040,5944,electricity,54306
2040,5945,electricity,52574
2040,5946,electricity,51606
2040,5947,electricity,52679
2040,5948,electricity,54331
2040,5949,electricity,54368
2040,5950,electricity,55040
2040,5951,electricity,53650
2040,5952,electricity,57141
2040,5953,electricity,55000
2040,5954,electricity,49486
2040,5955,electricity,47368
2040,5956,electricity,44048
2040,5957,electricity,41972
2040,5958,electricity,41504
2040,5959,electricity,42127
2040,5960,electricity,42233
2040,5961,electricity,43858
2040,5962,electricity,47659
2040,5963,electricity,50692
2040,5964,electricity,52688
2040,5965,electricity,54888
2040,5966,electricity,55364
2040,5967,electricity,52125
2040,5968,electricity,49766
2040,5969,electricity,47917
2040,5970,electricity,47479
2040,5971,electricity,49048
2040,5972,electricity,52213
2040,5973,electricity,53706
2040,5974,electricity,55446
2040,5975,electricity,53685
2040,5976,electricity,56426
2040,5977,electricity,54261
2040,5978,electricity,49400
2040,5979,electricity,47709
2040,5980,electricity,45032
2040,5981,electricity,43950
2040,5982,electricity,45857
2040,5983,electricity,51638
2040,5984,electricity,58833
2040,5985,electricity,62332
2040,5986,electricity,64808
2040,5987,electricity,65944
2040,5988,electricity,66710
2040,5989,electricity,67492
2040,5990,electricity,67192
2040,5991,electricity,66365
2040,5992,electricity,64727
2040,5993,electricity,62877
2040,5994,electricity,61473
2040,5995,electricity,61934
2040,5996,electricity,63973
2040,5997,electricity,62976
2040,5998,electricity,62024
2040,5999,electricity,59109
2040,6000,electricity,61182
2040,6001,electricity,58343
2040,6002,electricity,52965
2040,6003,electricity,51386
2040,6004,electricity,48503
2040,6005,electricity,47153
2040,6006,electricity,48299
2040,6007,electricity,53603
2040,6008,electricity,60691
2040,6009,electricity,64079
2040,6010,electricity,66279
2040,6011,electricity,67320
2040,6012,electricity,67873
2040,6013,electricity,68362
2040,6014,electricity,68036
2040,6015,electricity,67236
2040,6016,electricity,65696
2040,6017,electricity,63959
2040,6018,electricity,62616
2040,6019,electricity,62625
2040,6020,electricity,64174
2040,6021,electricity,63339
2040,6022,electricity,62588
2040,6023,electricity,59451
2040,6024,electricity,61528
2040,6025,electricity,58746
2040,6026,electricity,53284
2040,6027,electricity,51774
2040,6028,electricity,48842
2040,6029,electricity,47494
2040,6030,electricity,48804
2040,6031,electricity,53691
2040,6032,electricity,60575
2040,6033,electricity,64103
2040,6034,electricity,66252
2040,6035,electricity,67251
2040,6036,electricity,68111
2040,6037,electricity,68869
2040,6038,electricity,68175
2040,6039,electricity,67586
2040,6040,electricity,66022
2040,6041,electricity,64332
2040,6042,electricity,62888
2040,6043,electricity,63037
2040,6044,electricity,64556
2040,6045,electricity,63576
2040,6046,electricity,62715
2040,6047,electricity,59565
2040,6048,electricity,61835
2040,6049,electricity,59142
2040,6050,electricity,53558
2040,6051,electricity,51839
2040,6052,electricity,48937
2040,6053,electricity,47304
2040,6054,electricity,48542
2040,6055,electricity,53896
2040,6056,electricity,61089
2040,6057,electricity,63980
2040,6058,electricity,66287
2040,6059,electricity,67221
2040,6060,electricity,68030
2040,6061,electricity,68660
2040,6062,electricity,68210
2040,6063,electricity,67588
2040,6064,electricity,65932
2040,6065,electricity,64344
2040,6066,electricity,62891
2040,6067,electricity,63038
2040,6068,electricity,64567
2040,6069,electricity,63614
2040,6070,electricity,62595
2040,6071,electricity,59504
2040,6072,electricity,62016
2040,6073,electricity,59085
2040,6074,electricity,53515
2040,6075,electricity,52028
2040,6076,electricity,49029
2040,6077,electricity,47570
2040,6078,electricity,48808
2040,6079,electricity,53856
2040,6080,electricity,60864
2040,6081,electricity,63971
2040,6082,electricity,66161
2040,6083,electricity,67074
2040,6084,electricity,67675
2040,6085,electricity,68213
2040,6086,electricity,67618
2040,6087,electricity,66528
2040,6088,electricity,64816
2040,6089,electricity,62731
2040,6090,electricity,61414
2040,6091,electricity,61682
2040,6092,electricity,62287
2040,6093,electricity,62370
2040,6094,electricity,61259
2040,6095,electricity,58585
2040,6096,electricity,61158
2040,6097,electricity,57928
2040,6098,electricity,52028
2040,6099,electricity,49988
2040,6100,electricity,46574
2040,6101,electricity,44500
2040,6102,electricity,44251
2040,6103,electricity,45789
2040,6104,electricity,47433
2040,6105,electricity,49984
2040,6106,electricity,54005
2040,6107,electricity,56644
2040,6108,electricity,58125
2040,6109,electricity,60158
2040,6110,electricity,60285
2040,6111,electricity,57598
2040,6112,electricity,55505
2040,6113,electricity,53723
2040,6114,electricity,52980
2040,6115,electricity,54184
2040,6116,electricity,55682
2040,6117,electricity,56057
2040,6118,electricity,55402
2040,6119,electricity,53605
2040,6120,electricity,57197
2040,6121,electricity,55022
2040,6122,electricity,49653
2040,6123,electricity,47610
2040,6124,electricity,44024
2040,6125,electricity,42056
2040,6126,electricity,41248
2040,6127,electricity,41905
2040,6128,electricity,42362
2040,6129,electricity,43462
2040,6130,electricity,47324
2040,6131,electricity,50812
2040,6132,electricity,53441
2040,6133,electricity,56290
2040,6134,electricity,56426
2040,6135,electricity,52949
2040,6136,electricity,50752
2040,6137,electricity,49118
2040,6138,electricity,48721
2040,6139,electricity,50569
2040,6140,electricity,53891
2040,6141,electricity,55948
2040,6142,electricity,55572
2040,6143,electricity,53541
2040,6144,electricity,56668
2040,6145,electricity,54281
2040,6146,electricity,49057
2040,6147,electricity,47403
2040,6148,electricity,44544
2040,6149,electricity,43223
2040,6150,electricity,45121
2040,6151,electricity,50769
2040,6152,electricity,58528
2040,6153,electricity,62075
2040,6154,electricity,64757
2040,6155,electricity,66166
2040,6156,electricity,67138
2040,6157,electricity,67751
2040,6158,electricity,67365
2040,6159,electricity,66704
2040,6160,electricity,65008
2040,6161,electricity,63392
2040,6162,electricity,61864
2040,6163,electricity,62094
2040,6164,electricity,64198
2040,6165,electricity,64162
2040,6166,electricity,62006
2040,6167,electricity,58852
2040,6168,electricity,61065
2040,6169,electricity,58374
2040,6170,electricity,52993
2040,6171,electricity,51282
2040,6172,electricity,48508
2040,6173,electricity,47169
2040,6174,electricity,48602
2040,6175,electricity,53853
2040,6176,electricity,61556
2040,6177,electricity,64913
2040,6178,electricity,67200
2040,6179,electricity,68365
2040,6180,electricity,69008
2040,6181,electricity,69406
2040,6182,electricity,68230
2040,6183,electricity,67587
2040,6184,electricity,65876
2040,6185,electricity,64267
2040,6186,electricity,62917
2040,6187,electricity,63618
2040,6188,electricity,66085
2040,6189,electricity,66345
2040,6190,electricity,63073
2040,6191,electricity,59742
2040,6192,electricity,62125
2040,6193,electricity,59511
2040,6194,electricity,53939
2040,6195,electricity,52435
2040,6196,electricity,49545
2040,6197,electricity,48077
2040,6198,electricity,49177
2040,6199,electricity,54242
2040,6200,electricity,61768
2040,6201,electricity,65820
2040,6202,electricity,68327
2040,6203,electricity,69955
2040,6204,electricity,71116
2040,6205,electricity,71764
2040,6206,electricity,70229
2040,6207,electricity,69479
2040,6208,electricity,67918
2040,6209,electricity,66022
2040,6210,electricity,64583
2040,6211,electricity,65111
2040,6212,electricity,67082
2040,6213,electricity,66453
2040,6214,electricity,63881
2040,6215,electricity,60570
2040,6216,electricity,62874
2040,6217,electricity,60078
2040,6218,electricity,54434
2040,6219,electricity,52627
2040,6220,electricity,49552
2040,6221,electricity,48076
2040,6222,electricity,49175
2040,6223,electricity,54223
2040,6224,electricity,62391
2040,6225,electricity,66031
2040,6226,electricity,68356
2040,6227,electricity,69831
2040,6228,electricity,70585
2040,6229,electricity,70952
2040,6230,electricity,69832
2040,6231,electricity,68690
2040,6232,electricity,66895
2040,6233,electricity,65137
2040,6234,electricity,63566
2040,6235,electricity,63721
2040,6236,electricity,65637
2040,6237,electricity,65837
2040,6238,electricity,63262
2040,6239,electricity,60073
2040,6240,electricity,62687
2040,6241,electricity,59482
2040,6242,electricity,53966
2040,6243,electricity,52256
2040,6244,electricity,49393
2040,6245,electricity,47864
2040,6246,electricity,49185
2040,6247,electricity,54314
2040,6248,electricity,62024
2040,6249,electricity,65004
2040,6250,electricity,67145
2040,6251,electricity,68146
2040,6252,electricity,68694
2040,6253,electricity,69080
2040,6254,electricity,68250
2040,6255,electricity,66820
2040,6256,electricity,64792
2040,6257,electricity,62648
2040,6258,electricity,61543
2040,6259,electricity,62225
2040,6260,electricity,63318
2040,6261,electricity,64402
2040,6262,electricity,62344
2040,6263,electricity,59678
2040,6264,electricity,62245
2040,6265,electricity,58964
2040,6266,electricity,53185
2040,6267,electricity,50825
2040,6268,electricity,47618
2040,6269,electricity,45573
2040,6270,electricity,45431
2040,6271,electricity,46962
2040,6272,electricity,49124
2040,6273,electricity,51327
2040,6274,electricity,55474
2040,6275,electricity,57924
2040,6276,electricity,58695
2040,6277,electricity,60352
2040,6278,electricity,60503
2040,6279,electricity,57657
2040,6280,electricity,55495
2040,6281,electricity,53556
2040,6282,electricity,52539
2040,6283,electricity,53293
2040,6284,electricity,55312
2040,6285,electricity,57281
2040,6286,electricity,56155
2040,6287,electricity,54521
2040,6288,electricity,58071
2040,6289,electricity,56123
2040,6290,electricity,50864
2040,6291,electricity,48593
2040,6292,electricity,45143
2040,6293,electricity,43004
2040,6294,electricity,42440
2040,6295,electricity,43185
2040,6296,electricity,44290
2040,6297,electricity,45375
2040,6298,electricity,49123
2040,6299,electricity,52021
2040,6300,electricity,53984
2040,6301,electricity,55920
2040,6302,electricity,56058
2040,6303,electricity,52673
2040,6304,electricity,50156
2040,6305,electricity,48159
2040,6306,electricity,47752
2040,6307,electricity,49462
2040,6308,electricity,53093
2040,6309,electricity,56985
2040,6310,electricity,56511
2040,6311,electricity,54363
2040,6312,electricity,57229
2040,6313,electricity,55250
2040,6314,electricity,50336
2040,6315,electricity,48706
2040,6316,electricity,45906
2040,6317,electricity,44639
2040,6318,electricity,46559
2040,6319,electricity,52667
2040,6320,electricity,61107
2040,6321,electricity,64109
2040,6322,electricity,66117
2040,6323,electricity,67086
2040,6324,electricity,67533
2040,6325,electricity,68088
2040,6326,electricity,67472
2040,6327,electricity,66491
2040,6328,electricity,64610
2040,6329,electricity,62952
2040,6330,electricity,61552
2040,6331,electricity,62538
2040,6332,electricity,65345
2040,6333,electricity,66260
2040,6334,electricity,62632
2040,6335,electricity,59298
2040,6336,electricity,61691
2040,6337,electricity,59018
2040,6338,electricity,53503
2040,6339,electricity,51961
2040,6340,electricity,49044
2040,6341,electricity,47660
2040,6342,electricity,49100
2040,6343,electricity,54350
2040,6344,electricity,62637
2040,6345,electricity,65998
2040,6346,electricity,68089
2040,6347,electricity,69348
2040,6348,electricity,69947
2040,6349,electricity,70296
2040,6350,electricity,69708
2040,6351,electricity,68455
2040,6352,electricity,66699
2040,6353,electricity,64951
2040,6354,electricity,63614
2040,6355,electricity,64305
2040,6356,electricity,67254
2040,6357,electricity,68069
2040,6358,electricity,64094
2040,6359,electricity,60875
2040,6360,electricity,63406
2040,6361,electricity,60456
2040,6362,electricity,54875
2040,6363,electricity,53293
2040,6364,electricity,49953
2040,6365,electricity,48594
2040,6366,electricity,50161
2040,6367,electricity,55406
2040,6368,electricity,63753
2040,6369,electricity,66979
2040,6370,electricity,69039
2040,6371,electricity,69887
2040,6372,electricity,70317
2040,6373,electricity,70692
2040,6374,electricity,69917
2040,6375,electricity,68736
2040,6376,electricity,66496
2040,6377,electricity,64865
2040,6378,electricity,63453
2040,6379,electricity,63736
2040,6380,electricity,66604
2040,6381,electricity,68068
2040,6382,electricity,64809
2040,6383,electricity,61537
2040,6384,electricity,63950
2040,6385,electricity,61448
2040,6386,electricity,55901
2040,6387,electricity,53555
2040,6388,electricity,50609
2040,6389,electricity,49472
2040,6390,electricity,50663
2040,6391,electricity,56079
2040,6392,electricity,64794
2040,6393,electricity,67866
2040,6394,electricity,69415
2040,6395,electricity,70117
2040,6396,electricity,70444
2040,6397,electricity,70589
2040,6398,electricity,69951
2040,6399,electricity,68815
2040,6400,electricity,66627
2040,6401,electricity,64733
2040,6402,electricity,63363
2040,6403,electricity,64181
2040,6404,electricity,66755
2040,6405,electricity,68183
2040,6406,electricity,64282
2040,6407,electricity,61058
2040,6408,electricity,63510
2040,6409,electricity,60824
2040,6410,electricity,55201
2040,6411,electricity,53545
2040,6412,electricity,50519
2040,6413,electricity,48802
2040,6414,electricity,50199
2040,6415,electricity,55409
2040,6416,electricity,64007
2040,6417,electricity,66734
2040,6418,electricity,68617
2040,6419,electricity,69046
2040,6420,electricity,69229
2040,6421,electricity,69195
2040,6422,electricity,68393
2040,6423,electricity,66896
2040,6424,electricity,64515
2040,6425,electricity,62382
2040,6426,electricity,61004
2040,6427,electricity,61467
2040,6428,electricity,63586
2040,6429,electricity,65784
2040,6430,electricity,62722
2040,6431,electricity,60000
2040,6432,electricity,62840
2040,6433,electricity,59874
2040,6434,electricity,53888
2040,6435,electricity,51803
2040,6436,electricity,48461
2040,6437,electricity,46233
2040,6438,electricity,46254
2040,6439,electricity,48134
2040,6440,electricity,50717
2040,6441,electricity,52765
2040,6442,electricity,56810
2040,6443,electricity,58681
2040,6444,electricity,59144
2040,6445,electricity,60577
2040,6446,electricity,60535
2040,6447,electricity,57822
2040,6448,electricity,55491
2040,6449,electricity,53458
2040,6450,electricity,52475
2040,6451,electricity,53561
2040,6452,electricity,56241
2040,6453,electricity,59070
2040,6454,electricity,56900
2040,6455,electricity,55308
2040,6456,electricity,58975
2040,6457,electricity,57401
2040,6458,electricity,52132
2040,6459,electricity,50164
2040,6460,electricity,46605
2040,6461,electricity,44181
2040,6462,electricity,43657
2040,6463,electricity,44466
2040,6464,electricity,45937
2040,6465,electricity,46831
2040,6466,electricity,50339
2040,6467,electricity,53049
2040,6468,electricity,54706
2040,6469,electricity,56451
2040,6470,electricity,56585
2040,6471,electricity,53045
2040,6472,electricity,50403
2040,6473,electricity,48436
2040,6474,electricity,48043
2040,6475,electricity,50019
2040,6476,electricity,54326
2040,6477,electricity,58876
2040,6478,electricity,57188
2040,6479,electricity,55038
2040,6480,electricity,58101
2040,6481,electricity,56469
2040,6482,electricity,51502
2040,6483,electricity,50075
2040,6484,electricity,47165
2040,6485,electricity,45816
2040,6486,electricity,47849
2040,6487,electricity,53653
2040,6488,electricity,62639
2040,6489,electricity,65623
2040,6490,electricity,67425
2040,6491,electricity,68250
2040,6492,electricity,68546
2040,6493,electricity,68913
2040,6494,electricity,68313
2040,6495,electricity,67184
2040,6496,electricity,65160
2040,6497,electricity,63380
2040,6498,electricity,61821
2040,6499,electricity,62462
2040,6500,electricity,65896
2040,6501,electricity,67968
2040,6502,electricity,63738
2040,6503,electricity,60487
2040,6504,electricity,63049
2040,6505,electricity,60577
2040,6506,electricity,55285
2040,6507,electricity,53828
2040,6508,electricity,50829
2040,6509,electricity,49417
2040,6510,electricity,50908
2040,6511,electricity,56410
2040,6512,electricity,65579
2040,6513,electricity,68462
2040,6514,electricity,69879
2040,6515,electricity,70044
2040,6516,electricity,70068
2040,6517,electricity,70139
2040,6518,electricity,69311
2040,6519,electricity,68036
2040,6520,electricity,66213
2040,6521,electricity,64315
2040,6522,electricity,62765
2040,6523,electricity,63324
2040,6524,electricity,66734
2040,6525,electricity,69040
2040,6526,electricity,64764
2040,6527,electricity,61403
2040,6528,electricity,63880
2040,6529,electricity,61511
2040,6530,electricity,56102
2040,6531,electricity,54354
2040,6532,electricity,51505
2040,6533,electricity,50057
2040,6534,electricity,51312
2040,6535,electricity,56964
2040,6536,electricity,65615
2040,6537,electricity,68561
2040,6538,electricity,70000
2040,6539,electricity,70480
2040,6540,electricity,70432
2040,6541,electricity,70707
2040,6542,electricity,69845
2040,6543,electricity,68565
2040,6544,electricity,66415
2040,6545,electricity,64396
2040,6546,electricity,62741
2040,6547,electricity,63403
2040,6548,electricity,66983
2040,6549,electricity,69257
2040,6550,electricity,64783
2040,6551,electricity,61644
2040,6552,electricity,64082
2040,6553,electricity,61829
2040,6554,electricity,56666
2040,6555,electricity,55095
2040,6556,electricity,52105
2040,6557,electricity,50599
2040,6558,electricity,51941
2040,6559,electricity,57569
2040,6560,electricity,66791
2040,6561,electricity,69492
2040,6562,electricity,70724
2040,6563,electricity,71059
2040,6564,electricity,71061
2040,6565,electricity,70945
2040,6566,electricity,70147
2040,6567,electricity,68744
2040,6568,electricity,66771
2040,6569,electricity,64803
2040,6570,electricity,63420
2040,6571,electricity,64144
2040,6572,electricity,67857
2040,6573,electricity,70010
2040,6574,electricity,65523
2040,6575,electricity,62749
2040,6576,electricity,65217
2040,6577,electricity,62490
2040,6578,electricity,57015
2040,6579,electricity,55504
2040,6580,electricity,52600
2040,6581,electricity,51182
2040,6582,electricity,52551
2040,6583,electricity,58153
2040,6584,electricity,67307
2040,6585,electricity,70234
2040,6586,electricity,71651
2040,6587,electricity,71739
2040,6588,electricity,71566
2040,6589,electricity,71175
2040,6590,electricity,70050
2040,6591,electricity,67984
2040,6592,electricity,65515
2040,6593,electricity,63320
2040,6594,electricity,62128
2040,6595,electricity,62734
2040,6596,electricity,65798
2040,6597,electricity,68157
2040,6598,electricity,64178
2040,6599,electricity,61424
2040,6600,electricity,64166
2040,6601,electricity,61379
2040,6602,electricity,55611
2040,6603,electricity,53359
2040,6604,electricity,50081
2040,6605,electricity,47768
2040,6606,electricity,47569
2040,6607,electricity,49596
2040,6608,electricity,52493
2040,6609,electricity,54659
2040,6610,electricity,58406
2040,6611,electricity,60708
2040,6612,electricity,61207
2040,6613,electricity,62621
2040,6614,electricity,62677
2040,6615,electricity,59279
2040,6616,electricity,57200
2040,6617,electricity,55241
2040,6618,electricity,54653
2040,6619,electricity,55802
2040,6620,electricity,59316
2040,6621,electricity,61816
2040,6622,electricity,58568
2040,6623,electricity,56777
2040,6624,electricity,60464
2040,6625,electricity,58775
2040,6626,electricity,53639
2040,6627,electricity,51431
2040,6628,electricity,47897
2040,6629,electricity,45441
2040,6630,electricity,44990
2040,6631,electricity,45848
2040,6632,electricity,47496
2040,6633,electricity,48537
2040,6634,electricity,52137
2040,6635,electricity,55106
2040,6636,electricity,56850
2040,6637,electricity,58943
2040,6638,electricity,58881
2040,6639,electricity,55048
2040,6640,electricity,52514
2040,6641,electricity,51174
2040,6642,electricity,50913
2040,6643,electricity,53586
2040,6644,electricity,59324
2040,6645,electricity,62403
2040,6646,electricity,59128
2040,6647,electricity,56746
2040,6648,electricity,59684
2040,6649,electricity,57750
2040,6650,electricity,52967
2040,6651,electricity,51096
2040,6652,electricity,48030
2040,6653,electricity,46619
2040,6654,electricity,48454
2040,6655,electricity,54575
2040,6656,electricity,63706
2040,6657,electricity,67103
2040,6658,electricity,68827
2040,6659,electricity,69745
2040,6660,electricity,70500
2040,6661,electricity,71234
2040,6662,electricity,70735
2040,6663,electricity,69716
2040,6664,electricity,67896
2040,6665,electricity,66417
2040,6666,electricity,65258
2040,6667,electricity,66506
2040,6668,electricity,70914
2040,6669,electricity,70736
2040,6670,electricity,65184
2040,6671,electricity,61672
2040,6672,electricity,64116
2040,6673,electricity,61345
2040,6674,electricity,55641
2040,6675,electricity,53853
2040,6676,electricity,50765
2040,6677,electricity,49070
2040,6678,electricity,50283
2040,6679,electricity,55670
2040,6680,electricity,64588
2040,6681,electricity,67917
2040,6682,electricity,69147
2040,6683,electricity,69829
2040,6684,electricity,70522
2040,6685,electricity,70951
2040,6686,electricity,70030
2040,6687,electricity,69129
2040,6688,electricity,67162
2040,6689,electricity,65566
2040,6690,electricity,64164
2040,6691,electricity,65066
2040,6692,electricity,69030
2040,6693,electricity,69850
2040,6694,electricity,64398
2040,6695,electricity,61083
2040,6696,electricity,63449
2040,6697,electricity,60946
2040,6698,electricity,55351
2040,6699,electricity,53711
2040,6700,electricity,50734
2040,6701,electricity,49274
2040,6702,electricity,50686
2040,6703,electricity,56101
2040,6704,electricity,64991
2040,6705,electricity,68579
2040,6706,electricity,70181
2040,6707,electricity,70528
2040,6708,electricity,70991
2040,6709,electricity,71464
2040,6710,electricity,70655
2040,6711,electricity,69694
2040,6712,electricity,67595
2040,6713,electricity,65923
2040,6714,electricity,64718
2040,6715,electricity,65675
2040,6716,electricity,70282
2040,6717,electricity,71007
2040,6718,electricity,65671
2040,6719,electricity,62303
2040,6720,electricity,64901
2040,6721,electricity,62526
2040,6722,electricity,56887
2040,6723,electricity,55243
2040,6724,electricity,52165
2040,6725,electricity,50687
2040,6726,electricity,52051
2040,6727,electricity,57517
2040,6728,electricity,66909
2040,6729,electricity,70198
2040,6730,electricity,71006
2040,6731,electricity,71125
2040,6732,electricity,71234
2040,6733,electricity,71088
2040,6734,electricity,70045
2040,6735,electricity,68930
2040,6736,electricity,67042
2040,6737,electricity,65308
2040,6738,electricity,64058
2040,6739,electricity,65094
2040,6740,electricity,69782
2040,6741,electricity,70693
2040,6742,electricity,65502
2040,6743,electricity,62505
2040,6744,electricity,65219
2040,6745,electricity,62929
2040,6746,electricity,57224
2040,6747,electricity,55686
2040,6748,electricity,52955
2040,6749,electricity,51441
2040,6750,electricity,52901
2040,6751,electricity,58578
2040,6752,electricity,68047
2040,6753,electricity,71674
2040,6754,electricity,72260
2040,6755,electricity,72398
2040,6756,electricity,71953
2040,6757,electricity,71353
2040,6758,electricity,70279
2040,6759,electricity,68208
2040,6760,electricity,65671
2040,6761,electricity,63356
2040,6762,electricity,62169
2040,6763,electricity,63276
2040,6764,electricity,67315
2040,6765,electricity,69423
2040,6766,electricity,64810
2040,6767,electricity,62325
2040,6768,electricity,65362
2040,6769,electricity,62572
2040,6770,electricity,56839
2040,6771,electricity,54771
2040,6772,electricity,51254
2040,6773,electricity,49221
2040,6774,electricity,49207
2040,6775,electricity,51395
2040,6776,electricity,54614
2040,6777,electricity,56821
2040,6778,electricity,60416
2040,6779,electricity,62136
2040,6780,electricity,62380
2040,6781,electricity,63507
2040,6782,electricity,63342
2040,6783,electricity,60156
2040,6784,electricity,57574
2040,6785,electricity,55453
2040,6786,electricity,54497
2040,6787,electricity,56094
2040,6788,electricity,61189
2040,6789,electricity,63132
2040,6790,electricity,59299
2040,6791,electricity,57656
2040,6792,electricity,61609
2040,6793,electricity,60085
2040,6794,electricity,54931
2040,6795,electricity,52737
2040,6796,electricity,48938
2040,6797,electricity,46628
2040,6798,electricity,46090
2040,6799,electricity,47008
2040,6800,electricity,48896
2040,6801,electricity,50249
2040,6802,electricity,53719
2040,6803,electricity,56592
2040,6804,electricity,58374
2040,6805,electricity,60022
2040,6806,electricity,59879
2040,6807,electricity,55911
2040,6808,electricity,52833
2040,6809,electricity,50718
2040,6810,electricity,50388
2040,6811,electricity,52868
2040,6812,electricity,59276
2040,6813,electricity,63236
2040,6814,electricity,60056
2040,6815,electricity,57929
2040,6816,electricity,61017
2040,6817,electricity,59600
2040,6818,electricity,54820
2040,6819,electricity,53195
2040,6820,electricity,50254
2040,6821,electricity,48894
2040,6822,electricity,51082
2040,6823,electricity,57496
2040,6824,electricity,67094
2040,6825,electricity,71204
2040,6826,electricity,72644
2040,6827,electricity,73387
2040,6828,electricity,73737
2040,6829,electricity,73972
2040,6830,electricity,72931
2040,6831,electricity,71243
2040,6832,electricity,68886
2040,6833,electricity,67039
2040,6834,electricity,65870
2040,6835,electricity,67341
2040,6836,electricity,73390
2040,6837,electricity,73521
2040,6838,electricity,68111
2040,6839,electricity,64692
2040,6840,electricity,67437
2040,6841,electricity,65080
2040,6842,electricity,59697
2040,6843,electricity,58197
2040,6844,electricity,55386
2040,6845,electricity,53927
2040,6846,electricity,55569
2040,6847,electricity,61388
2040,6848,electricity,71293
2040,6849,electricity,75255
2040,6850,electricity,76056
2040,6851,electricity,76251
2040,6852,electricity,76277
2040,6853,electricity,76002
2040,6854,electricity,75173
2040,6855,electricity,73722
2040,6856,electricity,71805
2040,6857,electricity,70298
2040,6858,electricity,69420
2040,6859,electricity,71304
2040,6860,electricity,77417
2040,6861,electricity,77311
2040,6862,electricity,71534
2040,6863,electricity,68203
2040,6864,electricity,70796
2040,6865,electricity,68510
2040,6866,electricity,63337
2040,6867,electricity,61857
2040,6868,electricity,58874
2040,6869,electricity,57756
2040,6870,electricity,59313
2040,6871,electricity,65406
2040,6872,electricity,75114
2040,6873,electricity,79607
2040,6874,electricity,80709
2040,6875,electricity,80758
2040,6876,electricity,80828
2040,6877,electricity,81078
2040,6878,electricity,80245
2040,6879,electricity,78786
2040,6880,electricity,76416
2040,6881,electricity,74846
2040,6882,electricity,73746
2040,6883,electricity,75746
2040,6884,electricity,82202
2040,6885,electricity,81771
2040,6886,electricity,75597
2040,6887,electricity,72134
2040,6888,electricity,74723
2040,6889,electricity,72329
2040,6890,electricity,67012
2040,6891,electricity,65549
2040,6892,electricity,62654
2040,6893,electricity,61109
2040,6894,electricity,62712
2040,6895,electricity,68929
2040,6896,electricity,78845
2040,6897,electricity,83384
2040,6898,electricity,84117
2040,6899,electricity,84654
2040,6900,electricity,84717
2040,6901,electricity,84417
2040,6902,electricity,83073
2040,6903,electricity,81596
2040,6904,electricity,79318
2040,6905,electricity,77845
2040,6906,electricity,77130
2040,6907,electricity,79132
2040,6908,electricity,84918
2040,6909,electricity,84219
2040,6910,electricity,78542
2040,6911,electricity,75176
2040,6912,electricity,77977
2040,6913,electricity,75380
2040,6914,electricity,69910
2040,6915,electricity,68339
2040,6916,electricity,65270
2040,6917,electricity,63582
2040,6918,electricity,65269
2040,6919,electricity,71456
2040,6920,electricity,81312
2040,6921,electricity,85559
2040,6922,electricity,86340
2040,6923,electricity,86338
2040,6924,electricity,85952
2040,6925,electricity,85231
2040,6926,electricity,83853
2040,6927,electricity,81481
2040,6928,electricity,78660
2040,6929,electricity,76517
2040,6930,electricity,75704
2040,6931,electricity,77645
2040,6932,electricity,82889
2040,6933,electricity,82190
2040,6934,electricity,76825
2040,6935,electricity,73952
2040,6936,electricity,76903
2040,6937,electricity,74237
2040,6938,electricity,68301
2040,6939,electricity,65915
2040,6940,electricity,62355
2040,6941,electricity,59956
2040,6942,electricity,59837
2040,6943,electricity,61833
2040,6944,electricity,65056
2040,6945,electricity,68049
2040,6946,electricity,71527
2040,6947,electricity,73305
2040,6948,electricity,73048
2040,6949,electricity,73729
2040,6950,electricity,72949
2040,6951,electricity,69137
2040,6952,electricity,66280
2040,6953,electricity,64078
2040,6954,electricity,63510
2040,6955,electricity,65852
2040,6956,electricity,71845
2040,6957,electricity,72126
2040,6958,electricity,68237
2040,6959,electricity,66658
2040,6960,electricity,70489
2040,6961,electricity,68975
2040,6962,electricity,63784
2040,6963,electricity,61731
2040,6964,electricity,57907
2040,6965,electricity,55258
2040,6966,electricity,54612
2040,6967,electricity,55492
2040,6968,electricity,57085
2040,6969,electricity,58818
2040,6970,electricity,62093
2040,6971,electricity,65251
2040,6972,electricity,67062
2040,6973,electricity,68779
2040,6974,electricity,68431
2040,6975,electricity,64308
2040,6976,electricity,61298
2040,6977,electricity,59345
2040,6978,electricity,58863
2040,6979,electricity,61387
2040,6980,electricity,68420
2040,6981,electricity,70555
2040,6982,electricity,67618
2040,6983,electricity,65785
2040,6984,electricity,69358
2040,6985,electricity,67657
2040,6986,electricity,62843
2040,6987,electricity,61455
2040,6988,electricity,58450
2040,6989,electricity,57327
2040,6990,electricity,59623
2040,6991,electricity,65785
2040,6992,electricity,73919
2040,6993,electricity,79065
2040,6994,electricity,81509
2040,6995,electricity,82141
2040,6996,electricity,81646
2040,6997,electricity,81226
2040,6998,electricity,79503
2040,6999,electricity,77513
2040,7000,electricity,74460
2040,7001,electricity,72298
2040,7002,electricity,70816
2040,7003,electricity,72556
2040,7004,electricity,79810
2040,7005,electricity,79124
2040,7006,electricity,73416
2040,7007,electricity,70421
2040,7008,electricity,73475
2040,7009,electricity,71206
2040,7010,electricity,65905
2040,7011,electricity,64256
2040,7012,electricity,61163
2040,7013,electricity,59459
2040,7014,electricity,61240
2040,7015,electricity,66838
2040,7016,electricity,74485
2040,7017,electricity,79543
2040,7018,electricity,81328
2040,7019,electricity,81829
2040,7020,electricity,81957
2040,7021,electricity,81604
2040,7022,electricity,80039
2040,7023,electricity,78264
2040,7024,electricity,75423
2040,7025,electricity,73490
2040,7026,electricity,72488
2040,7027,electricity,74217
2040,7028,electricity,81250
2040,7029,electricity,80266
2040,7030,electricity,74585
2040,7031,electricity,71659
2040,7032,electricity,74356
2040,7033,electricity,72003
2040,7034,electricity,66898
2040,7035,electricity,65284
2040,7036,electricity,62508
2040,7037,electricity,60937
2040,7038,electricity,62601
2040,7039,electricity,68141
2040,7040,electricity,75815
2040,7041,electricity,80834
2040,7042,electricity,82665
2040,7043,electricity,83242
2040,7044,electricity,83081
2040,7045,electricity,82444
2040,7046,electricity,80829
2040,7047,electricity,78994
2040,7048,electricity,76175
2040,7049,electricity,74259
2040,7050,electricity,73344
2040,7051,electricity,75303
2040,7052,electricity,82416
2040,7053,electricity,80672
2040,7054,electricity,74529
2040,7055,electricity,71605
2040,7056,electricity,74540
2040,7057,electricity,72189
2040,7058,electricity,66509
2040,7059,electricity,65014
2040,7060,electricity,61711
2040,7061,electricity,59832
2040,7062,electricity,61154
2040,7063,electricity,66393
2040,7064,electricity,74000
2040,7065,electricity,78861
2040,7066,electricity,80296
2040,7067,electricity,81154
2040,7068,electricity,81503
2040,7069,electricity,81395
2040,7070,electricity,80458
2040,7071,electricity,79089
2040,7072,electricity,76572
2040,7073,electricity,74499
2040,7074,electricity,73507
2040,7075,electricity,75254
2040,7076,electricity,81669
2040,7077,electricity,79533
2040,7078,electricity,73603
2040,7079,electricity,70449
2040,7080,electricity,73276
2040,7081,electricity,70674
2040,7082,electricity,65127
2040,7083,electricity,63242
2040,7084,electricity,60021
2040,7085,electricity,58148
2040,7086,electricity,59417
2040,7087,electricity,64377
2040,7088,electricity,71689
2040,7089,electricity,76680
2040,7090,electricity,78331
2040,7091,electricity,79062
2040,7092,electricity,79141
2040,7093,electricity,78930
2040,7094,electricity,77296
2040,7095,electricity,75120
2040,7096,electricity,72417
2040,7097,electricity,70017
2040,7098,electricity,69082
2040,7099,electricity,71088
2040,7100,electricity,77219
2040,7101,electricity,75637
2040,7102,electricity,70823
2040,7103,electricity,68257
2040,7104,electricity,71724
2040,7105,electricity,69379
2040,7106,electricity,63759
2040,7107,electricity,61709
2040,7108,electricity,57945
2040,7109,electricity,55660
2040,7110,electricity,55489
2040,7111,electricity,57579
2040,7112,electricity,60649
2040,7113,electricity,63366
2040,7114,electricity,65941
2040,7115,electricity,67698
2040,7116,electricity,67874
2040,7117,electricity,68462
2040,7118,electricity,68011
2040,7119,electricity,64712
2040,7120,electricity,61914
2040,7121,electricity,59862
2040,7122,electricity,59322
2040,7123,electricity,61903
2040,7124,electricity,68729
2040,7125,electricity,67873
2040,7126,electricity,64132
2040,7127,electricity,62690
2040,7128,electricity,66733
2040,7129,electricity,65407
2040,7130,electricity,60172
2040,7131,electricity,55911
2040,7132,electricity,51607
2040,7133,electricity,50559
2040,7134,electricity,50943
2040,7135,electricity,52832
2040,7136,electricity,54635
2040,7137,electricity,56443
2040,7138,electricity,59485
2040,7139,electricity,60933
2040,7140,electricity,61561
2040,7141,electricity,62716
2040,7142,electricity,62226
2040,7143,electricity,58290
2040,7144,electricity,55651
2040,7145,electricity,54081
2040,7146,electricity,54967
2040,7147,electricity,62285
2040,7148,electricity,66993
2040,7149,electricity,65978
2040,7150,electricity,63292
2040,7151,electricity,61942
2040,7152,electricity,65790
2040,7153,electricity,64421
2040,7154,electricity,59846
2040,7155,electricity,58425
2040,7156,electricity,55539
2040,7157,electricity,54384
2040,7158,electricity,56831
2040,7159,electricity,62635
2040,7160,electricity,69023
2040,7161,electricity,72972
2040,7162,electricity,75657
2040,7163,electricity,75863
2040,7164,electricity,75624
2040,7165,electricity,75599
2040,7166,electricity,74592
2040,7167,electricity,72910
2040,7168,electricity,70017
2040,7169,electricity,68254
2040,7170,electricity,68124
2040,7171,electricity,74869
2040,7172,electricity,78724
2040,7173,electricity,74254
2040,7174,electricity,68966
2040,7175,electricity,66079
2040,7176,electricity,69054
2040,7177,electricity,66989
2040,7178,electricity,61878
2040,7179,electricity,60326
2040,7180,electricity,57118
2040,7181,electricity,55421
2040,7182,electricity,56998
2040,7183,electricity,62255
2040,7184,electricity,68413
2040,7185,electricity,72017
2040,7186,electricity,74525
2040,7187,electricity,74871
2040,7188,electricity,74980
2040,7189,electricity,75441
2040,7190,electricity,74649
2040,7191,electricity,73554
2040,7192,electricity,71391
2040,7193,electricity,70024
2040,7194,electricity,70305
2040,7195,electricity,75854
2040,7196,electricity,78852
2040,7197,electricity,74359
2040,7198,electricity,68822
2040,7199,electricity,66069
2040,7200,electricity,68919
2040,7201,electricity,66526
2040,7202,electricity,61303
2040,7203,electricity,59719
2040,7204,electricity,56489
2040,7205,electricity,55001
2040,7206,electricity,56358
2040,7207,electricity,61552
2040,7208,electricity,67665
2040,7209,electricity,71619
2040,7210,electricity,74676
2040,7211,electricity,75739
2040,7212,electricity,76147
2040,7213,electricity,76690
2040,7214,electricity,75720
2040,7215,electricity,74261
2040,7216,electricity,72188
2040,7217,electricity,70739
2040,7218,electricity,70683
2040,7219,electricity,76525
2040,7220,electricity,80105
2040,7221,electricity,75625
2040,7222,electricity,70419
2040,7223,electricity,67828
2040,7224,electricity,71088
2040,7225,electricity,68995
2040,7226,electricity,63503
2040,7227,electricity,61878
2040,7228,electricity,58726
2040,7229,electricity,57217
2040,7230,electricity,58877
2040,7231,electricity,64151
2040,7232,electricity,70411
2040,7233,electricity,73983
2040,7234,electricity,76362
2040,7235,electricity,76547
2040,7236,electricity,76546
2040,7237,electricity,76447
2040,7238,electricity,75486
2040,7239,electricity,73946
2040,7240,electricity,71598
2040,7241,electricity,70267
2040,7242,electricity,70528
2040,7243,electricity,76832
2040,7244,electricity,80337
2040,7245,electricity,76106
2040,7246,electricity,70695
2040,7247,electricity,67943
2040,7248,electricity,71160
2040,7249,electricity,68877
2040,7250,electricity,63796
2040,7251,electricity,62108
2040,7252,electricity,59025
2040,7253,electricity,57559
2040,7254,electricity,59211
2040,7255,electricity,64440
2040,7256,electricity,70317
2040,7257,electricity,73571
2040,7258,electricity,75697
2040,7259,electricity,75840
2040,7260,electricity,75496
2040,7261,electricity,75228
2040,7262,electricity,73749
2040,7263,electricity,71563
2040,7264,electricity,68798
2040,7265,electricity,66838
2040,7266,electricity,66937
2040,7267,electricity,74041
2040,7268,electricity,76858
2040,7269,electricity,72999
2040,7270,electricity,68496
2040,7271,electricity,66546
2040,7272,electricity,69664
2040,7273,electricity,67458
2040,7274,electricity,62127
2040,7275,electricity,60147
2040,7276,electricity,56604
2040,7277,electricity,54714
2040,7278,electricity,54723
2040,7279,electricity,56960
2040,7280,electricity,59331
2040,7281,electricity,61127
2040,7282,electricity,64311
2040,7283,electricity,65244
2040,7284,electricity,64844
2040,7285,electricity,65503
2040,7286,electricity,65120
2040,7287,electricity,61635
2040,7288,electricity,58744
2040,7289,electricity,56895
2040,7290,electricity,57488
2040,7291,electricity,64747
2040,7292,electricity,67937
2040,7293,electricity,65445
2040,7294,electricity,62051
2040,7295,electricity,60976
2040,7296,electricity,65317
2040,7297,electricity,64261
2040,7298,electricity,59649
2040,7299,electricity,57814
2040,7300,electricity,54199
2040,7301,electricity,51969
2040,7302,electricity,51638
2040,7303,electricity,52810
2040,7304,electricity,54023
2040,7305,electricity,55286
2040,7306,electricity,58239
2040,7307,electricity,59878
2040,7308,electricity,60523
2040,7309,electricity,61752
2040,7310,electricity,61424
2040,7311,electricity,57332
2040,7312,electricity,54722
2040,7313,electricity,53217
2040,7314,electricity,54403
2040,7315,electricity,62969
2040,7316,electricity,67634
2040,7317,electricity,65921
2040,7318,electricity,62982
2040,7319,electricity,61362
2040,7320,electricity,64924
2040,7321,electricity,63757
2040,7322,electricity,59388
2040,7323,electricity,58213
2040,7324,electricity,55331
2040,7325,electricity,54213
2040,7326,electricity,56728
2040,7327,electricity,63752
2040,7328,electricity,72619
2040,7329,electricity,75720
2040,7330,electricity,76908
2040,7331,electricity,77061
2040,7332,electricity,77014
2040,7333,electricity,77202
2040,7334,electricity,76472
2040,7335,electricity,74791
2040,7336,electricity,72655
2040,7337,electricity,71398
2040,7338,electricity,72438
2040,7339,electricity,79512
2040,7340,electricity,82600
2040,7341,electricity,77875
2040,7342,electricity,72171
2040,7343,electricity,69004
2040,7344,electricity,71843
2040,7345,electricity,69493
2040,7346,electricity,64214
2040,7347,electricity,62469
2040,7348,electricity,59331
2040,7349,electricity,57928
2040,7350,electricity,59674
2040,7351,electricity,65636
2040,7352,electricity,74397
2040,7353,electricity,77037
2040,7354,electricity,78355
2040,7355,electricity,78688
2040,7356,electricity,78764
2040,7357,electricity,78819
2040,7358,electricity,77630
2040,7359,electricity,76220
2040,7360,electricity,73965
2040,7361,electricity,72865
2040,7362,electricity,73768
2040,7363,electricity,79747
2040,7364,electricity,82624
2040,7365,electricity,77528
2040,7366,electricity,71874
2040,7367,electricity,68470
2040,7368,electricity,70971
2040,7369,electricity,68777
2040,7370,electricity,63200
2040,7371,electricity,61452
2040,7372,electricity,58174
2040,7373,electricity,56523
2040,7374,electricity,58106
2040,7375,electricity,63791
2040,7376,electricity,72061
2040,7377,electricity,74859
2040,7378,electricity,76517
2040,7379,electricity,76892
2040,7380,electricity,76816
2040,7381,electricity,77012
2040,7382,electricity,76024
2040,7383,electricity,74761
2040,7384,electricity,72346
2040,7385,electricity,71165
2040,7386,electricity,71912
2040,7387,electricity,78443
2040,7388,electricity,81224
2040,7389,electricity,76321
2040,7390,electricity,70470
2040,7391,electricity,67244
2040,7392,electricity,70056
2040,7393,electricity,67967
2040,7394,electricity,62621
2040,7395,electricity,61093
2040,7396,electricity,57955
2040,7397,electricity,56206
2040,7398,electricity,57876
2040,7399,electricity,63947
2040,7400,electricity,72713
2040,7401,electricity,74955
2040,7402,electricity,75122
2040,7403,electricity,74972
2040,7404,electricity,74732
2040,7405,electricity,74495
2040,7406,electricity,73674
2040,7407,electricity,72413
2040,7408,electricity,70712
2040,7409,electricity,69879
2040,7410,electricity,71042
2040,7411,electricity,77601
2040,7412,electricity,80007
2040,7413,electricity,75294
2040,7414,electricity,69542
2040,7415,electricity,66434
2040,7416,electricity,69049
2040,7417,electricity,66715
2040,7418,electricity,61311
2040,7419,electricity,59551
2040,7420,electricity,56247
2040,7421,electricity,54768
2040,7422,electricity,56192
2040,7423,electricity,62006
2040,7424,electricity,70284
2040,7425,electricity,72810
2040,7426,electricity,73707
2040,7427,electricity,73595
2040,7428,electricity,73538
2040,7429,electricity,73765
2040,7430,electricity,72843
2040,7431,electricity,71223
2040,7432,electricity,69316
2040,7433,electricity,67804
2040,7434,electricity,68692
2040,7435,electricity,74205
2040,7436,electricity,75840
2040,7437,electricity,71631
2040,7438,electricity,66830
2040,7439,electricity,64042
2040,7440,electricity,66980
2040,7441,electricity,64437
2040,7442,electricity,58655
2040,7443,electricity,56264
2040,7444,electricity,52505
2040,7445,electricity,50402
2040,7446,electricity,50292
2040,7447,electricity,52279
2040,7448,electricity,55076
2040,7449,electricity,56842
2040,7450,electricity,60152
2040,7451,electricity,61542
2040,7452,electricity,61712
2040,7453,electricity,63311
2040,7454,electricity,63401
2040,7455,electricity,60344
2040,7456,electricity,57898
2040,7457,electricity,56070
2040,7458,electricity,57210
2040,7459,electricity,64213
2040,7460,electricity,66718
2040,7461,electricity,63363
2040,7462,electricity,59671
2040,7463,electricity,58297
2040,7464,electricity,62490
2040,7465,electricity,61214
2040,7466,electricity,56147
2040,7467,electricity,54116
2040,7468,electricity,50361
2040,7469,electricity,47871
2040,7470,electricity,47441
2040,7471,electricity,48470
2040,7472,electricity,49565
2040,7473,electricity,50707
2040,7474,electricity,54160
2040,7475,electricity,56661
2040,7476,electricity,58188
2040,7477,electricity,59925
2040,7478,electricity,59865
2040,7479,electricity,55875
2040,7480,electricity,53262
2040,7481,electricity,51680
2040,7482,electricity,53115
2040,7483,electricity,61162
2040,7484,electricity,64742
2040,7485,electricity,63098
2040,7486,electricity,59905
2040,7487,electricity,58107
2040,7488,electricity,61791
2040,7489,electricity,60419
2040,7490,electricity,55473
2040,7491,electricity,53823
2040,7492,electricity,50718
2040,7493,electricity,49296
2040,7494,electricity,51268
2040,7495,electricity,57612
2040,7496,electricity,66360
2040,7497,electricity,69248
2040,7498,electricity,70605
2040,7499,electricity,70874
2040,7500,electricity,70974
2040,7501,electricity,71243
2040,7502,electricity,70505
2040,7503,electricity,69224
2040,7504,electricity,66979
2040,7505,electricity,65656
2040,7506,electricity,66793
2040,7507,electricity,73942
2040,7508,electricity,76860
2040,7509,electricity,72424
2040,7510,electricity,66935
2040,7511,electricity,63996
2040,7512,electricity,66874
2040,7513,electricity,64784
2040,7514,electricity,59473
2040,7515,electricity,57865
2040,7516,electricity,54890
2040,7517,electricity,53394
2040,7518,electricity,55139
2040,7519,electricity,61115
2040,7520,electricity,69886
2040,7521,electricity,72746
2040,7522,electricity,73758
2040,7523,electricity,73847
2040,7524,electricity,73683
2040,7525,electricity,73947
2040,7526,electricity,72910
2040,7527,electricity,71390
2040,7528,electricity,69238
2040,7529,electricity,68002
2040,7530,electricity,69144
2040,7531,electricity,75489
2040,7532,electricity,77791
2040,7533,electricity,73718
2040,7534,electricity,68295
2040,7535,electricity,65663
2040,7536,electricity,68931
2040,7537,electricity,66650
2040,7538,electricity,61094
2040,7539,electricity,59258
2040,7540,electricity,55872
2040,7541,electricity,53593
2040,7542,electricity,53078
2040,7543,electricity,54671
2040,7544,electricity,56989
2040,7545,electricity,58180
2040,7546,electricity,61218
2040,7547,electricity,63377
2040,7548,electricity,64193
2040,7549,electricity,65879
2040,7550,electricity,65757
2040,7551,electricity,61891
2040,7552,electricity,58979
2040,7553,electricity,57829
2040,7554,electricity,60182
2040,7555,electricity,68008
2040,7556,electricity,71271
2040,7557,electricity,68510
2040,7558,electricity,64570
2040,7559,electricity,62597
2040,7560,electricity,66181
2040,7561,electricity,64874
2040,7562,electricity,60236
2040,7563,electricity,58689
2040,7564,electricity,55378
2040,7565,electricity,53967
2040,7566,electricity,56306
2040,7567,electricity,62942
2040,7568,electricity,72258
2040,7569,electricity,75426
2040,7570,electricity,76577
2040,7571,electricity,76468
2040,7572,electricity,76236
2040,7573,electricity,76078
2040,7574,electricity,75093
2040,7575,electricity,73409
2040,7576,electricity,71234
2040,7577,electricity,70169
2040,7578,electricity,72098
2040,7579,electricity,78519
2040,7580,electricity,81276
2040,7581,electricity,76646
2040,7582,electricity,71151
2040,7583,electricity,68011
2040,7584,electricity,70783
2040,7585,electricity,68708
2040,7586,electricity,63398
2040,7587,electricity,61798
2040,7588,electricity,58668
2040,7589,electricity,57011
2040,7590,electricity,58638
2040,7591,electricity,64588
2040,7592,electricity,73076
2040,7593,electricity,76151
2040,7594,electricity,77272
2040,7595,electricity,77187
2040,7596,electricity,76943
2040,7597,electricity,76608
2040,7598,electricity,75655
2040,7599,electricity,73935
2040,7600,electricity,71641
2040,7601,electricity,70376
2040,7602,electricity,72232
2040,7603,electricity,78622
2040,7604,electricity,80253
2040,7605,electricity,76123
2040,7606,electricity,71202
2040,7607,electricity,68960
2040,7608,electricity,72266
2040,7609,electricity,70477
2040,7610,electricity,64998
2040,7611,electricity,62597
2040,7612,electricity,59094
2040,7613,electricity,57075
2040,7614,electricity,57413
2040,7615,electricity,59667
2040,7616,electricity,62703
2040,7617,electricity,64789
2040,7618,electricity,68034
2040,7619,electricity,69091
2040,7620,electricity,69214
2040,7621,electricity,70427
2040,7622,electricity,69922
2040,7623,electricity,66717
2040,7624,electricity,64210
2040,7625,electricity,63101
2040,7626,electricity,65237
2040,7627,electricity,71959
2040,7628,electricity,73737
2040,7629,electricity,70465
2040,7630,electricity,66861
2040,7631,electricity,65315
2040,7632,electricity,69113
2040,7633,electricity,67896
2040,7634,electricity,63117
2040,7635,electricity,61059
2040,7636,electricity,57132
2040,7637,electricity,54804
2040,7638,electricity,54365
2040,7639,electricity,55585
2040,7640,electricity,57063
2040,7641,electricity,57925
2040,7642,electricity,60709
2040,7643,electricity,62876
2040,7644,electricity,64012
2040,7645,electricity,65305
2040,7646,electricity,64608
2040,7647,electricity,60250
2040,7648,electricity,57212
2040,7649,electricity,55839
2040,7650,electricity,58349
2040,7651,electricity,66267
2040,7652,electricity,70005
2040,7653,electricity,68361
2040,7654,electricity,65501
2040,7655,electricity,63247
2040,7656,electricity,67029
2040,7657,electricity,65955
2040,7658,electricity,61422
2040,7659,electricity,59953
2040,7660,electricity,56782
2040,7661,electricity,55462
2040,7662,electricity,57917
2040,7663,electricity,64399
2040,7664,electricity,73604
2040,7665,electricity,76616
2040,7666,electricity,77463
2040,7667,electricity,77563
2040,7668,electricity,77586
2040,7669,electricity,77113
2040,7670,electricity,76688
2040,7671,electricity,75304
2040,7672,electricity,73227
2040,7673,electricity,72344
2040,7674,electricity,74832
2040,7675,electricity,80479
2040,7676,electricity,82674
2040,7677,electricity,77814
2040,7678,electricity,72278
2040,7679,electricity,69025
2040,7680,electricity,71919
2040,7681,electricity,69623
2040,7682,electricity,64380
2040,7683,electricity,62720
2040,7684,electricity,59692
2040,7685,electricity,58247
2040,7686,electricity,59913
2040,7687,electricity,65979
2040,7688,electricity,75009
2040,7689,electricity,77768
2040,7690,electricity,78267
2040,7691,electricity,77981
2040,7692,electricity,78083
2040,7693,electricity,77928
2040,7694,electricity,77144
2040,7695,electricity,76043
2040,7696,electricity,74103
2040,7697,electricity,73310
2040,7698,electricity,75157
2040,7699,electricity,80619
2040,7700,electricity,82535
2040,7701,electricity,77693
2040,7702,electricity,72020
2040,7703,electricity,68773
2040,7704,electricity,71208
2040,7705,electricity,68514
2040,7706,electricity,63186
2040,7707,electricity,61611
2040,7708,electricity,58412
2040,7709,electricity,56667
2040,7710,electricity,58473
2040,7711,electricity,64085
2040,7712,electricity,72903
2040,7713,electricity,76071
2040,7714,electricity,76563
2040,7715,electricity,76504
2040,7716,electricity,76429
2040,7717,electricity,76438
2040,7718,electricity,75201
2040,7719,electricity,73558
2040,7720,electricity,71353
2040,7721,electricity,70315
2040,7722,electricity,72630
2040,7723,electricity,78954
2040,7724,electricity,81184
2040,7725,electricity,76622
2040,7726,electricity,70967
2040,7727,electricity,68004
2040,7728,electricity,70520
2040,7729,electricity,68445
2040,7730,electricity,63080
2040,7731,electricity,61485
2040,7732,electricity,58460
2040,7733,electricity,56788
2040,7734,electricity,58492
2040,7735,electricity,64308
2040,7736,electricity,73671
2040,7737,electricity,76512
2040,7738,electricity,76954
2040,7739,electricity,76920
2040,7740,electricity,77176
2040,7741,electricity,77177
2040,7742,electricity,76598
2040,7743,electricity,75441
2040,7744,electricity,73772
2040,7745,electricity,73059
2040,7746,electricity,74973
2040,7747,electricity,79966
2040,7748,electricity,81410
2040,7749,electricity,76392
2040,7750,electricity,70974
2040,7751,electricity,67672
2040,7752,electricity,70253
2040,7753,electricity,67918
2040,7754,electricity,62961
2040,7755,electricity,60899
2040,7756,electricity,57636
2040,7757,electricity,56017
2040,7758,electricity,57694
2040,7759,electricity,63505
2040,7760,electricity,72328
2040,7761,electricity,76041
2040,7762,electricity,77339
2040,7763,electricity,78067
2040,7764,electricity,78600
2040,7765,electricity,79082
2040,7766,electricity,78619
2040,7767,electricity,77251
2040,7768,electricity,75609
2040,7769,electricity,74707
2040,7770,electricity,76587
2040,7771,electricity,80667
2040,7772,electricity,81458
2040,7773,electricity,76888
2040,7774,electricity,72107
2040,7775,electricity,69593
2040,7776,electricity,72782
2040,7777,electricity,70351
2040,7778,electricity,64810
2040,7779,electricity,62866
2040,7780,electricity,59471
2040,7781,electricity,57654
2040,7782,electricity,58018
2040,7783,electricity,60526
2040,7784,electricity,64160
2040,7785,electricity,67090
2040,7786,electricity,71049
2040,7787,electricity,73433
2040,7788,electricity,74476
2040,7789,electricity,76496
2040,7790,electricity,77097
2040,7791,electricity,74560
2040,7792,electricity,73188
2040,7793,electricity,72651
2040,7794,electricity,75149
2040,7795,electricity,81193
2040,7796,electricity,82918
2040,7797,electricity,79372
2040,7798,electricity,75422
2040,7799,electricity,74237
2040,7800,electricity,78522
2040,7801,electricity,77348
2040,7802,electricity,72578
2040,7803,electricity,70757
2040,7804,electricity,66860
2040,7805,electricity,64259
2040,7806,electricity,64094
2040,7807,electricity,65311
2040,7808,electricity,67212
2040,7809,electricity,68666
2040,7810,electricity,72190
2040,7811,electricity,74814
2040,7812,electricity,75792
2040,7813,electricity,76953
2040,7814,electricity,76644
2040,7815,electricity,72033
2040,7816,electricity,69485
2040,7817,electricity,68921
2040,7818,electricity,72733
2040,7819,electricity,80444
2040,7820,electricity,84139
2040,7821,electricity,82470
2040,7822,electricity,79378
2040,7823,electricity,77482
2040,7824,electricity,81101
2040,7825,electricity,79672
2040,7826,electricity,75259
2040,7827,electricity,74328
2040,7828,electricity,71616
2040,7829,electricity,70275
2040,7830,electricity,72753
2040,7831,electricity,79756
2040,7832,electricity,88824
2040,7833,electricity,92428
2040,7834,electricity,93406
2040,7835,electricity,93442
2040,7836,electricity,92615
2040,7837,electricity,91874
2040,7838,electricity,90568
2040,7839,electricity,88773
2040,7840,electricity,86425
2040,7841,electricity,85923
2040,7842,electricity,89541
2040,7843,electricity,96688
2040,7844,electricity,99462
2040,7845,electricity,94788
2040,7846,electricity,89003
2040,7847,electricity,86184
2040,7848,electricity,88991
2040,7849,electricity,86883
2040,7850,electricity,82956
2040,7851,electricity,82451
2040,7852,electricity,79018
2040,7853,electricity,77670
2040,7854,electricity,79835
2040,7855,electricity,86343
2040,7856,electricity,95132
2040,7857,electricity,97853
2040,7858,electricity,98144
2040,7859,electricity,98106
2040,7860,electricity,97900
2040,7861,electricity,97646
2040,7862,electricity,96810
2040,7863,electricity,95303
2040,7864,electricity,93208
2040,7865,electricity,92699
2040,7866,electricity,95176
2040,7867,electricity,99719
2040,7868,electricity,101200
2040,7869,electricity,95450
2040,7870,electricity,89277
2040,7871,electricity,85436
2040,7872,electricity,87346
2040,7873,electricity,84839
2040,7874,electricity,80131
2040,7875,electricity,79007
2040,7876,electricity,75203
2040,7877,electricity,72991
2040,7878,electricity,74440
2040,7879,electricity,80351
2040,7880,electricity,88662
2040,7881,electricity,91978
2040,7882,electricity,92222
2040,7883,electricity,92337
2040,7884,electricity,92113
2040,7885,electricity,92301
2040,7886,electricity,91526
2040,7887,electricity,90254
2040,7888,electricity,87965
2040,7889,electricity,87316
2040,7890,electricity,89652
2040,7891,electricity,94736
2040,7892,electricity,96450
2040,7893,electricity,91260
2040,7894,electricity,85023
2040,7895,electricity,81642
2040,7896,electricity,84110
2040,7897,electricity,82121
2040,7898,electricity,77563
2040,7899,electricity,76556
2040,7900,electricity,73158
2040,7901,electricity,71356
2040,7902,electricity,72963
2040,7903,electricity,79398
2040,7904,electricity,88302
2040,7905,electricity,91141
2040,7906,electricity,91310
2040,7907,electricity,90786
2040,7908,electricity,90300
2040,7909,electricity,89853
2040,7910,electricity,88910
2040,7911,electricity,87264
2040,7912,electricity,85269
2040,7913,electricity,84722
2040,7914,electricity,87935
2040,7915,electricity,94009
2040,7916,electricity,96108
2040,7917,electricity,91148
2040,7918,electricity,85557
2040,7919,electricity,82620
2040,7920,electricity,85483
2040,7921,electricity,83515
2040,7922,electricity,79119
2040,7923,electricity,78265
2040,7924,electricity,75165
2040,7925,electricity,73483
2040,7926,electricity,75400
2040,7927,electricity,81957
2040,7928,electricity,90667
2040,7929,electricity,94026
2040,7930,electricity,94331
2040,7931,electricity,94262
2040,7932,electricity,93466
2040,7933,electricity,92616
2040,7934,electricity,91110
2040,7935,electricity,88814
2040,7936,electricity,86284
2040,7937,electricity,85566
2040,7938,electricity,88777
2040,7939,electricity,93835
2040,7940,electricity,94868
2040,7941,electricity,90555
2040,7942,electricity,85368
2040,7943,electricity,82697
2040,7944,electricity,85719
2040,7945,electricity,83268
2040,7946,electricity,78436
2040,7947,electricity,77075
2040,7948,electricity,73175
2040,7949,electricity,70557
2040,7950,electricity,70716
2040,7951,electricity,73013
2040,7952,electricity,76285
2040,7953,electricity,79219
2040,7954,electricity,82322
2040,7955,electricity,83597
2040,7956,electricity,82710
2040,7957,electricity,82993
2040,7958,electricity,82253
2040,7959,electricity,78637
2040,7960,electricity,76346
2040,7961,electricity,75890
2040,7962,electricity,79678
2040,7963,electricity,85547
2040,7964,electricity,87570
2040,7965,electricity,84355
2040,7966,electricity,80727
2040,7967,electricity,79274
2040,7968,electricity,83052
2040,7969,electricity,81684
2040,7970,electricity,76891
2040,7971,electricity,74935
2040,7972,electricity,70674
2040,7973,electricity,67595
2040,7974,electricity,66748
2040,7975,electricity,67422
2040,7976,electricity,68849
2040,7977,electricity,70160
2040,7978,electricity,72743
2040,7979,electricity,75669
2040,7980,electricity,77194
2040,7981,electricity,78807
2040,7982,electricity,78504
2040,7983,electricity,74436
2040,7984,electricity,71646
2040,7985,electricity,70768
2040,7986,electricity,73634
2040,7987,electricity,79140
2040,7988,electricity,81860
2040,7989,electricity,79909
2040,7990,electricity,76525
2040,7991,electricity,74028
2040,7992,electricity,77264
2040,7993,electricity,75692
2040,7994,electricity,71272
2040,7995,electricity,70125
2040,7996,electricity,66842
2040,7997,electricity,65028
2040,7998,electricity,67093
2040,7999,electricity,73685
2040,8000,electricity,83291
2040,8001,electricity,87511
2040,8002,electricity,87680
2040,8003,electricity,87293
2040,8004,electricity,86906
2040,8005,electricity,86796
2040,8006,electricity,85960
2040,8007,electricity,84422
2040,8008,electricity,82007
2040,8009,electricity,81416
2040,8010,electricity,84341
2040,8011,electricity,89534
2040,8012,electricity,91625
2040,8013,electricity,86706
2040,8014,electricity,80914
2040,8015,electricity,77583
2040,8016,electricity,80077
2040,8017,electricity,77908
2040,8018,electricity,72966
2040,8019,electricity,71450
2040,8020,electricity,67942
2040,8021,electricity,66324
2040,8022,electricity,67824
2040,8023,electricity,74297
2040,8024,electricity,83612
2040,8025,electricity,87185
2040,8026,electricity,86995
2040,8027,electricity,86302
2040,8028,electricity,86096
2040,8029,electricity,85950
2040,8030,electricity,84764
2040,8031,electricity,83242
2040,8032,electricity,80942
2040,8033,electricity,80343
2040,8034,electricity,83344
2040,8035,electricity,88262
2040,8036,electricity,90388
2040,8037,electricity,85990
2040,8038,electricity,80443
2040,8039,electricity,77171
2040,8040,electricity,80006
2040,8041,electricity,78091
2040,8042,electricity,73027
2040,8043,electricity,71800
2040,8044,electricity,68919
2040,8045,electricity,67533
2040,8046,electricity,69597
2040,8047,electricity,75978
2040,8048,electricity,85282
2040,8049,electricity,89396
2040,8050,electricity,89500
2040,8051,electricity,88556
2040,8052,electricity,87851
2040,8053,electricity,87323
2040,8054,electricity,85766
2040,8055,electricity,83931
2040,8056,electricity,81383
2040,8057,electricity,80943
2040,8058,electricity,84516
2040,8059,electricity,90154
2040,8060,electricity,92338
2040,8061,electricity,88069
2040,8062,electricity,82523
2040,8063,electricity,79483
2040,8064,electricity,82442
2040,8065,electricity,80621
2040,8066,electricity,75851
2040,8067,electricity,74660
2040,8068,electricity,71729
2040,8069,electricity,69980
2040,8070,electricity,71922
2040,8071,electricity,78595
2040,8072,electricity,88517
2040,8073,electricity,92378
2040,8074,electricity,91886
2040,8075,electricity,91112
2040,8076,electricity,90213
2040,8077,electricity,89216
2040,8078,electricity,87884
2040,8079,electricity,86127
2040,8080,electricity,83544
2040,8081,electricity,83043
2040,8082,electricity,86740
2040,8083,electricity,92219
2040,8084,electricity,94296
2040,8085,electricity,89738
2040,8086,electricity,84111
2040,8087,electricity,80888
2040,8088,electricity,83582
2040,8089,electricity,81371
2040,8090,electricity,76128
2040,8091,electricity,74593
2040,8092,electricity,71057
2040,8093,electricity,69354
2040,8094,electricity,70743
2040,8095,electricity,76789
2040,8096,electricity,86004
2040,8097,electricity,89960
2040,8098,electricity,89492
2040,8099,electricity,88721
2040,8100,electricity,87804
2040,8101,electricity,86850
2040,8102,electricity,85493
2040,8103,electricity,83211
2040,8104,electricity,80764
2040,8105,electricity,79682
2040,8106,electricity,83039
2040,8107,electricity,88375
2040,8108,electricity,89509
2040,8109,electricity,85679
2040,8110,electricity,81413
2040,8111,electricity,79021
2040,8112,electricity,82333
2040,8113,electricity,80220
2040,8114,electricity,74602
2040,8115,electricity,72866
2040,8116,electricity,69098
2040,8117,electricity,66964
2040,8118,electricity,67301
2040,8119,electricity,69915
2040,8120,electricity,73497
2040,8121,electricity,76651
2040,8122,electricity,79564
2040,8123,electricity,80729
2040,8124,electricity,80578
2040,8125,electricity,81260
2040,8126,electricity,80787
2040,8127,electricity,77227
2040,8128,electricity,74446
2040,8129,electricity,73352
2040,8130,electricity,76435
2040,8131,electricity,81648
2040,8132,electricity,83283
2040,8133,electricity,80397
2040,8134,electricity,76723
2040,8135,electricity,75146
2040,8136,electricity,79173
2040,8137,electricity,77835
2040,8138,electricity,72811
2040,8139,electricity,70653
2040,8140,electricity,66637
2040,8141,electricity,63574
2040,8142,electricity,62903
2040,8143,electricity,64006
2040,8144,electricity,65854
2040,8145,electricity,67425
2040,8146,electricity,69974
2040,8147,electricity,72266
2040,8148,electricity,73350
2040,8149,electricity,74614
2040,8150,electricity,74338
2040,8151,electricity,69919
2040,8152,electricity,66775
2040,8153,electricity,65727
2040,8154,electricity,69176
2040,8155,electricity,75117
2040,8156,electricity,78045
2040,8157,electricity,76352
2040,8158,electricity,73264
2040,8159,electricity,71064
2040,8160,electricity,74208
2040,8161,electricity,72863
2040,8162,electricity,68389
2040,8163,electricity,67116
2040,8164,electricity,63885
2040,8165,electricity,62378
2040,8166,electricity,64606
2040,8167,electricity,71543
2040,8168,electricity,81439
2040,8169,electricity,85664
2040,8170,electricity,85610
2040,8171,electricity,84826
2040,8172,electricity,84015
2040,8173,electricity,83305
2040,8174,electricity,81912
2040,8175,electricity,79944
2040,8176,electricity,77576
2040,8177,electricity,76936
2040,8178,electricity,80698
2040,8179,electricity,86320
2040,8180,electricity,88721
2040,8181,electricity,84268
2040,8182,electricity,78944
2040,8183,electricity,75833
2040,8184,electricity,78720
2040,8185,electricity,76560
2040,8186,electricity,71478
2040,8187,electricity,70130
2040,8188,electricity,67190
2040,8189,electricity,65721
2040,8190,electricity,67764
2040,8191,electricity,74278
2040,8192,electricity,83942
2040,8193,electricity,87913
2040,8194,electricity,87404
2040,8195,electricity,86565
2040,8196,electricity,86304
2040,8197,electricity,86078
2040,8198,electricity,85037
2040,8199,electricity,83771
2040,8200,electricity,81690
2040,8201,electricity,81260
2040,8202,electricity,84317
2040,8203,electricity,88818
2040,8204,electricity,90346
2040,8205,electricity,85943
2040,8206,electricity,80303
2040,8207,electricity,76841
2040,8208,electricity,79490
2040,8209,electricity,77326
2040,8210,electricity,72326
2040,8211,electricity,71204
2040,8212,electricity,68177
2040,8213,electricity,66726
2040,8214,electricity,68905
2040,8215,electricity,75527
2040,8216,electricity,85129
2040,8217,electricity,90057
2040,8218,electricity,89799
2040,8219,electricity,88955
2040,8220,electricity,87816
2040,8221,electricity,86966
2040,8222,electricity,85287
2040,8223,electricity,83343
2040,8224,electricity,80936
2040,8225,electricity,80456
2040,8226,electricity,84561
2040,8227,electricity,90587
2040,8228,electricity,93101
2040,8229,electricity,89476
2040,8230,electricity,84467
2040,8231,electricity,81241
2040,8232,electricity,84382
2040,8233,electricity,82548
2040,8234,electricity,77664
2040,8235,electricity,76784
2040,8236,electricity,74021
2040,8237,electricity,72499
2040,8238,electricity,74632
2040,8239,electricity,81385
2040,8240,electricity,91441
2040,8241,electricity,95845
2040,8242,electricity,95467
2040,8243,electricity,94714
2040,8244,electricity,94114
2040,8245,electricity,93464
2040,8246,electricity,91888
2040,8247,electricity,89630
2040,8248,electricity,86978
2040,8249,electricity,86468
2040,8250,electricity,90775
2040,8251,electricity,96481
2040,8252,electricity,98818
2040,8253,electricity,94126
2040,8254,electricity,88480
2040,8255,electricity,85179
2040,8256,electricity,87712
2040,8257,electricity,85590
2040,8258,electricity,80670
2040,8259,electricity,79334
2040,8260,electricity,76165
2040,8261,electricity,74383
2040,8262,electricity,76208
2040,8263,electricity,82607
2040,8264,electricity,91630
2040,8265,electricity,95951
2040,8266,electricity,95239
2040,8267,electricity,94157
2040,8268,electricity,93297
2040,8269,electricity,92207
2040,8270,electricity,90445
2040,8271,electricity,87679
2040,8272,electricity,84864
2040,8273,electricity,83629
2040,8274,electricity,86774
2040,8275,electricity,91686
2040,8276,electricity,92439
2040,8277,electricity,88187
2040,8278,electricity,83348
2040,8279,electricity,80603
2040,8280,electricity,83380
2040,8281,electricity,81032
2040,8282,electricity,75681
2040,8283,electricity,73617
2040,8284,electricity,70051
2040,8285,electricity,67524
2040,8286,electricity,67590
2040,8287,electricity,70017
2040,8288,electricity,73371
2040,8289,electricity,76613
2040,8290,electricity,79046
2040,8291,electricity,79933
2040,8292,electricity,79593
2040,8293,electricity,80055
2040,8294,electricity,79420
2040,8295,electricity,75823
2040,8296,electricity,72867
2040,8297,electricity,71777
2040,8298,electricity,75519
2040,8299,electricity,81511
2040,8300,electricity,83677
2040,8301,electricity,81304
2040,8302,electricity,77812
2040,8303,electricity,76395
2040,8304,electricity,80572
2040,8305,electricity,79448
2040,8306,electricity,74777
2040,8307,electricity,73088
2040,8308,electricity,69237
2040,8309,electricity,66379
2040,8310,electricity,65881
2040,8311,electricity,67407
2040,8312,electricity,69293
2040,8313,electricity,71575
2040,8314,electricity,74306
2040,8315,electricity,77069
2040,8316,electricity,78391
2040,8317,electricity,79689
2040,8318,electricity,79376
2040,8319,electricity,74883
2040,8320,electricity,71867
2040,8321,electricity,70892
2040,8322,electricity,74483
2040,8323,electricity,80857
2040,8324,electricity,83861
2040,8325,electricity,82141
2040,8326,electricity,79091
2040,8327,electricity,77000
2040,8328,electricity,80120
2040,8329,electricity,78562
2040,8330,electricity,74460
2040,8331,electricity,73202
2040,8332,electricity,70170
2040,8333,electricity,68632
2040,8334,electricity,71033
2040,8335,electricity,77950
2040,8336,electricity,87854
2040,8337,electricity,92764
2040,8338,electricity,92759
2040,8339,electricity,92444
2040,8340,electricity,92177
2040,8341,electricity,91779
2040,8342,electricity,90104
2040,8343,electricity,87902
2040,8344,electricity,85096
2040,8345,electricity,84535
2040,8346,electricity,88333
2040,8347,electricity,93381
2040,8348,electricity,95260
2040,8349,electricity,90583
2040,8350,electricity,84742
2040,8351,electricity,81229
2040,8352,electricity,83644
2040,8353,electricity,81375
2040,8354,electricity,76138
2040,8355,electricity,74673
2040,8356,electricity,71522
2040,8357,electricity,69614
2040,8358,electricity,71227
2040,8359,electricity,77587
2040,8360,electricity,86798
2040,8361,electricity,91176
2040,8362,electricity,90120
2040,8363,electricity,89708
2040,8364,electricity,89437
2040,8365,electricity,89311
2040,8366,electricity,88230
2040,8367,electricity,86739
2040,8368,electricity,84855
2040,8369,electricity,84415
2040,8370,electricity,87453
2040,8371,electricity,91508
2040,8372,electricity,92974
2040,8373,electricity,88357
2040,8374,electricity,82558
2040,8375,electricity,78768
2040,8376,electricity,80911
2040,8377,electricity,78430
2040,8378,electricity,73084
2040,8379,electricity,71466
2040,8380,electricity,68212
2040,8381,electricity,66281
2040,8382,electricity,68017
2040,8383,electricity,73933
2040,8384,electricity,82967
2040,8385,electricity,87606
2040,8386,electricity,86857
2040,8387,electricity,86323
2040,8388,electricity,86020
2040,8389,electricity,85974
2040,8390,electricity,84952
2040,8391,electricity,83261
2040,8392,electricity,80802
2040,8393,electricity,80110
2040,8394,electricity,83022
2040,8395,electricity,87281
2040,8396,electricity,88948
2040,8397,electricity,84467
2040,8398,electricity,78816
2040,8399,electricity,75211
2040,8400,electricity,77679
2040,8401,electricity,75598
2040,8402,electricity,70738
2040,8403,electricity,69245
2040,8404,electricity,66046
2040,8405,electricity,64239
2040,8406,electricity,65883
2040,8407,electricity,72009
2040,8408,electricity,81472
2040,8409,electricity,85920
2040,8410,electricity,84877
2040,8411,electricity,83880
2040,8412,electricity,82872
2040,8413,electricity,82313
2040,8414,electricity,81194
2040,8415,electricity,79616
2040,8416,electricity,77532
2040,8417,electricity,77002
2040,8418,electricity,80510
2040,8419,electricity,85289
2040,8420,electricity,87016
2040,8421,electricity,82716
2040,8422,electricity,77362
2040,8423,electricity,74062
2040,8424,electricity,76662
2040,8425,electricity,74432
2040,8426,electricity,69562
2040,8427,electricity,67948
2040,8428,electricity,64683
2040,8429,electricity,62800
2040,8430,electricity,64365
2040,8431,electricity,70348
2040,8432,electricity,79126
2040,8433,electricity,83610
2040,8434,electricity,83213
2040,8435,electricity,82752
2040,8436,electricity,82123
2040,8437,electricity,81530
2040,8438,electricity,80152
2040,8439,electricity,78123
2040,8440,electricity,75813
2040,8441,electricity,74560
2040,8442,electricity,77537
2040,8443,electricity,82281
2040,8444,electricity,83189
2040,8445,electricity,79306
2040,8446,electricity,74881
2040,8447,electricity,72420
2040,8448,electricity,75579
2040,8449,electricity,73283
2040,8450,electricity,67757
2040,8451,electricity,65691
2040,8452,electricity,62130
2040,8453,electricity,59666
2040,8454,electricity,59929
2040,8455,electricity,62293
2040,8456,electricity,65667
2040,8457,electricity,68898
2040,8458,electricity,71197
2040,8459,electricity,72187
2040,8460,electricity,72033
2040,8461,electricity,72822
2040,8462,electricity,72466
2040,8463,electricity,68869
2040,8464,electricity,66288
2040,8465,electricity,65056
2040,8466,electricity,68267
2040,8467,electricity,73725
2040,8468,electricity,75750
2040,8469,electricity,73225
2040,8470,electricity,69762
2040,8471,electricity,68221
2040,8472,electricity,72213
2040,8473,electricity,71224
2040,8474,electricity,65959
2040,8475,electricity,63731
2040,8476,electricity,59728
2040,8477,electricity,57073
2040,8478,electricity,56613
2040,8479,electricity,57824
2040,8480,electricity,59466
2040,8481,electricity,61700
2040,8482,electricity,64086
2040,8483,electricity,67081
2040,8484,electricity,68623
2040,8485,electricity,70306
2040,8486,electricity,70281
2040,8487,electricity,66412
2040,8488,electricity,63784
2040,8489,electricity,62801
2040,8490,electricity,65925
2040,8491,electricity,71035
2040,8492,electricity,73708
2040,8493,electricity,72137
2040,8494,electricity,69302
2040,8495,electricity,67473
2040,8496,electricity,70782
2040,8497,electricity,69025
2040,8498,electricity,64435
2040,8499,electricity,62878
2040,8500,electricity,59587
2040,8501,electricity,57995
2040,8502,electricity,59824
2040,8503,electricity,65368
2040,8504,electricity,72338
2040,8505,electricity,77828
2040,8506,electricity,79564
2040,8507,electricity,80495
2040,8508,electricity,80576
2040,8509,electricity,80956
2040,8510,electricity,80203
2040,8511,electricity,78439
2040,8512,electricity,75841
2040,8513,electricity,74816
2040,8514,electricity,77565
2040,8515,electricity,82227
2040,8516,electricity,84023
2040,8517,electricity,80535
2040,8518,electricity,75465
2040,8519,electricity,72573
2040,8520,electricity,75381
2040,8521,electricity,73027
2040,8522,electricity,68086
2040,8523,electricity,66486
2040,8524,electricity,63164
2040,8525,electricity,61251
2040,8526,electricity,62767
2040,8527,electricity,67766
2040,8528,electricity,74278
2040,8529,electricity,79176
2040,8530,electricity,80462
2040,8531,electricity,80658
2040,8532,electricity,80530
2040,8533,electricity,80475
2040,8534,electricity,79155
2040,8535,electricity,77284
2040,8536,electricity,74877
2040,8537,electricity,73674
2040,8538,electricity,76365
2040,8539,electricity,81323
2040,8540,electricity,82900
2040,8541,electricity,79647
2040,8542,electricity,74868
2040,8543,electricity,72213
2040,8544,electricity,75157
2040,8545,electricity,73142
2040,8546,electricity,67961
2040,8547,electricity,66308
2040,8548,electricity,62979
2040,8549,electricity,61059
2040,8550,electricity,62139
2040,8551,electricity,66501
2040,8552,electricity,72665
2040,8553,electricity,77488
2040,8554,electricity,78649
2040,8555,electricity,78932
2040,8556,electricity,78547
2040,8557,electricity,78681
2040,8558,electricity,77724
2040,8559,electricity,75475
2040,8560,electricity,72758
2040,8561,electricity,71408
2040,8562,electricity,74178
2040,8563,electricity,79205
2040,8564,electricity,80891
2040,8565,electricity,77917
2040,8566,electricity,73702
2040,8567,electricity,71534
2040,8568,electricity,74543
2040,8569,electricity,72362
2040,8570,electricity,67143
2040,8571,electricity,65363
2040,8572,electricity,61714
2040,8573,electricity,59428
2040,8574,electricity,60026
2040,8575,electricity,63585
2040,8576,electricity,68648
2040,8577,electricity,72849
2040,8578,electricity,74283
2040,8579,electricity,74812
2040,8580,electricity,74550
2040,8581,electricity,74557
2040,8582,electricity,74490
2040,8583,electricity,72173
2040,8584,electricity,69798
2040,8585,electricity,68392
2040,8586,electricity,70951
2040,8587,electricity,74754
2040,8588,electricity,73445
2040,8589,electricity,69587
2040,8590,electricity,66362
2040,8591,electricity,65535
2040,8592,electricity,70169
2040,8593,electricity,70151
2040,8594,electricity,66241
2040,8595,electricity,64691
2040,8596,electricity,60133
2040,8597,electricity,56474
2040,8598,electricity,55324
2040,8599,electricity,55875
2040,8600,electricity,56751
2040,8601,electricity,57861
2040,8602,electricity,58927
2040,8603,electricity,61246
2040,8604,electricity,62843
2040,8605,electricity,63320
2040,8606,electricity,63064
2040,8607,electricity,59149
2040,8608,electricity,56374
2040,8609,electricity,55464
2040,8610,electricity,58326
2040,8611,electricity,63377
2040,8612,electricity,65521
2040,8613,electricity,65362
2040,8614,electricity,64068
2040,8615,electricity,63637
2040,8616,electricity,67521
2040,8617,electricity,66071
2040,8618,electricity,61811
2040,8619,electricity,60501
2040,8620,electricity,57368
2040,8621,electricity,55398
2040,8622,electricity,55711
2040,8623,electricity,57681
2040,8624,electricity,60159
2040,8625,electricity,62746
2040,8626,electricity,64877
2040,8627,electricity,66994
2040,8628,electricity,67187
2040,8629,electricity,67933
2040,8630,electricity,67825
2040,8631,electricity,64382
2040,8632,electricity,61625
2040,8633,electricity,60495
2040,8634,electricity,63750
2040,8635,electricity,70157
2040,8636,electricity,72586
2040,8637,electricity,70910
2040,8638,electricity,68078
2040,8639,electricity,66888
2040,8640,electricity,70678
2040,8641,electricity,69370
2040,8642,electricity,64926
2040,8643,electricity,63395
2040,8644,electricity,59901
2040,8645,electricity,57579
2040,8646,electricity,57120
2040,8647,electricity,58234
2040,8648,electricity,59927
2040,8649,electricity,61726
2040,8650,electricity,63559
2040,8651,electricity,66167
2040,8652,electricity,67103
2040,8653,electricity,67946
2040,8654,electricity,67552
2040,8655,electricity,63283
2040,8656,electricity,60392
2040,8657,electricity,59225
2040,8658,electricity,62901
2040,8659,electricity,69528
2040,8660,electricity,72599
2040,8661,electricity,71838
2040,8662,electricity,69588
2040,8663,electricity,68330
2040,8664,electricity,71906
2040,8665,electricity,70357
2040,8666,electricity,66025
2040,8667,electricity,64880
2040,8668,electricity,61935
2040,8669,electricity,60241
2040,8670,electricity,61557
2040,8671,electricity,65245
2040,8672,electricity,69953
2040,8673,electricity,73890
2040,8674,electricity,75747
2040,8675,electricity,77068
2040,8676,electricity,77197
2040,8677,electricity,77915
2040,8678,electricity,77279
2040,8679,electricity,74667
2040,8680,electricity,71854
2040,8681,electricity,70920
2040,8682,electricity,74248
2040,8683,electricity,79569
2040,8684,electricity,82033
2040,8685,electricity,78561
2040,8686,electricity,74028
2040,8687,electricity,71405
2040,8688,electricity,74506
2040,8689,electricity,72533
2040,8690,electricity,67706
2040,8691,electricity,66228
2040,8692,electricity,62710
2040,8693,electricity,60651
2040,8694,electricity,61464
2040,8695,electricity,64974
2040,8696,electricity,69714
2040,8697,electricity,73757
2040,8698,electricity,75437
2040,8699,electricity,76785
2040,8700,electricity,77340
2040,8701,electricity,78148
2040,8702,electricity,77620
2040,8703,electricity,75016
2040,8704,electricity,72053
2040,8705,electricity,70825
2040,8706,electricity,73586
2040,8707,electricity,79864
2040,8708,electricity,82179
2040,8709,electricity,79152
2040,8710,electricity,74888
2040,8711,electricity,72929
2040,8712,electricity,76378
2040,8713,electricity,74549
2040,8714,electricity,69740
2040,8715,electricity,68370
2040,8716,electricity,65000
2040,8717,electricity,62934
2040,8718,electricity,63890
2040,8719,electricity,67360
2040,8720,electricity,72029
2040,8721,electricity,76064
2040,8722,electricity,77718
2040,8723,electricity,78662
2040,8724,electricity,78512
2040,8725,electricity,79072
2040,8726,electricity,78314
2040,8727,electricity,75642
2040,8728,electricity,72835
2040,8729,electricity,71735
2040,8730,electricity,74884
2040,8731,electricity,80850
2040,8732,electricity,83033
2040,8733,electricity,80004
2040,8734,electricity,75733
2040,8735,electricity,73379
2040,8736,electricity,76205
2040,8737,electricity,74276
2040,8738,electricity,69456
2040,8739,electricity,67647
2040,8740,electricity,63869
2040,8741,electricity,61356
2040,8742,electricity,61678
2040,8743,electricity,64965
2040,8744,electricity,69517
2040,8745,electricity,73249
2040,8746,electricity,75111
2040,8747,electricity,76619
2040,8748,electricity,76941
2040,8749,electricity,77722
2040,8750,electricity,77833
2040,8751,electricity,75316
2040,8752,electricity,72705
2040,8753,electricity,71478
2040,8754,electricity,74063
2040,8755,electricity,78999
2040,8756,electricity,78847
2040,8757,electricity,75050
2040,8758,electricity,71361
2040,8759,electricity,70563
2040,8760,electricity,75470
2050,1,electricity,82760
2050,2,electricity,79131
2050,3,electricity,77943
2050,4,electricity,74035
2050,5,electricity,70768
2050,6,electricity,69353
2050,7,electricity,69738
2050,8,electricity,70053
2050,9,electricity,70096
2050,10,electricity,70193
2050,11,electricity,72510
2050,12,electricity,75674
2050,13,electricity,78973
2050,14,electricity,80739
2050,15,electricity,77602
2050,16,electricity,75151
2050,17,electricity,74926
2050,18,electricity,77739
2050,19,electricity,83297
2050,20,electricity,86099
2050,21,electricity,84746
2050,22,electricity,81948
2050,23,electricity,80173
2050,24,electricity,83405
2050,25,electricity,81594
2050,26,electricity,76770
2050,27,electricity,75567
2050,28,electricity,72234
2050,29,electricity,70472
2050,30,electricity,71974
2050,31,electricity,76958
2050,32,electricity,82689
2050,33,electricity,87208
2050,34,electricity,89639
2050,35,electricity,91887
2050,36,electricity,93452
2050,37,electricity,95277
2050,38,electricity,95663
2050,39,electricity,93365
2050,40,electricity,90730
2050,41,electricity,89746
2050,42,electricity,91554
2050,43,electricity,95577
2050,44,electricity,97039
2050,45,electricity,92746
2050,46,electricity,87209
2050,47,electricity,83996
2050,48,electricity,86819
2050,49,electricity,84837
2050,50,electricity,79040
2050,51,electricity,77013
2050,52,electricity,73080
2050,53,electricity,70702
2050,54,electricity,71962
2050,55,electricity,77069
2050,56,electricity,83560
2050,57,electricity,88585
2050,58,electricity,90731
2050,59,electricity,92478
2050,60,electricity,93508
2050,61,electricity,94633
2050,62,electricity,94873
2050,63,electricity,93322
2050,64,electricity,91325
2050,65,electricity,90196
2050,66,electricity,92299
2050,67,electricity,96919
2050,68,electricity,98727
2050,69,electricity,94242
2050,70,electricity,88443
2050,71,electricity,85555
2050,72,electricity,88659
2050,73,electricity,86318
2050,74,electricity,80512
2050,75,electricity,78452
2050,76,electricity,74388
2050,77,electricity,72036
2050,78,electricity,73127
2050,79,electricity,78030
2050,80,electricity,84282
2050,81,electricity,89061
2050,82,electricity,90513
2050,83,electricity,91659
2050,84,electricity,92778
2050,85,electricity,93947
2050,86,electricity,93743
2050,87,electricity,91763
2050,88,electricity,89400
2050,89,electricity,88118
2050,90,electricity,89249
2050,91,electricity,93735
2050,92,electricity,95703
2050,93,electricity,91531
2050,94,electricity,85656
2050,95,electricity,82653
2050,96,electricity,85681
2050,97,electricity,83841
2050,98,electricity,78015
2050,99,electricity,76376
2050,100,electricity,72649
2050,101,electricity,70579
2050,102,electricity,71818
2050,103,electricity,77099
2050,104,electricity,83652
2050,105,electricity,88804
2050,106,electricity,90551
2050,107,electricity,91312
2050,108,electricity,92053
2050,109,electricity,92443
2050,110,electricity,91792
2050,111,electricity,89613
2050,112,electricity,87015
2050,113,electricity,85782
2050,114,electricity,87297
2050,115,electricity,92797
2050,116,electricity,94611
2050,117,electricity,90797
2050,118,electricity,85579
2050,119,electricity,83170
2050,120,electricity,86792
2050,121,electricity,84887
2050,122,electricity,78992
2050,123,electricity,76982
2050,124,electricity,72800
2050,125,electricity,70048
2050,126,electricity,69958
2050,127,electricity,71989
2050,128,electricity,74871
2050,129,electricity,78051
2050,130,electricity,81003
2050,131,electricity,83867
2050,132,electricity,85413
2050,133,electricity,87377
2050,134,electricity,87876
2050,135,electricity,84155
2050,136,electricity,81238
2050,137,electricity,79915
2050,138,electricity,81929
2050,139,electricity,87218
2050,140,electricity,89202
2050,141,electricity,86611
2050,142,electricity,82663
2050,143,electricity,80849
2050,144,electricity,85120
2050,145,electricity,83848
2050,146,electricity,78454
2050,147,electricity,76464
2050,148,electricity,72168
2050,149,electricity,69443
2050,150,electricity,68941
2050,151,electricity,70181
2050,152,electricity,71756
2050,153,electricity,73797
2050,154,electricity,76338
2050,155,electricity,80391
2050,156,electricity,83966
2050,157,electricity,87216
2050,158,electricity,88043
2050,159,electricity,83832
2050,160,electricity,80763
2050,161,electricity,79623
2050,162,electricity,81352
2050,163,electricity,87385
2050,164,electricity,90773
2050,165,electricity,88909
2050,166,electricity,85247
2050,167,electricity,82764
2050,168,electricity,86097
2050,169,electricity,84584
2050,170,electricity,79826
2050,171,electricity,78518
2050,172,electricity,75082
2050,173,electricity,73141
2050,174,electricity,75521
2050,175,electricity,82707
2050,176,electricity,92940
2050,177,electricity,98496
2050,178,electricity,99204
2050,179,electricity,99545
2050,180,electricity,99834
2050,181,electricity,100284
2050,182,electricity,100047
2050,183,electricity,97880
2050,184,electricity,95179
2050,185,electricity,94086
2050,186,electricity,95886
2050,187,electricity,102115
2050,188,electricity,104330
2050,189,electricity,99407
2050,190,electricity,93119
2050,191,electricity,89430
2050,192,electricity,92258
2050,193,electricity,90234
2050,194,electricity,84990
2050,195,electricity,83366
2050,196,electricity,80009
2050,197,electricity,78072
2050,198,electricity,79964
2050,199,electricity,86762
2050,200,electricity,96621
2050,201,electricity,102028
2050,202,electricity,101817
2050,203,electricity,101192
2050,204,electricity,101683
2050,205,electricity,101602
2050,206,electricity,100484
2050,207,electricity,98377
2050,208,electricity,95653
2050,209,electricity,94586
2050,210,electricity,96281
2050,211,electricity,101850
2050,212,electricity,104108
2050,213,electricity,99125
2050,214,electricity,93141
2050,215,electricity,89304
2050,216,electricity,91994
2050,217,electricity,89630
2050,218,electricity,83976
2050,219,electricity,82393
2050,220,electricity,78947
2050,221,electricity,76919
2050,222,electricity,78798
2050,223,electricity,85267
2050,224,electricity,94330
2050,225,electricity,99939
2050,226,electricity,100303
2050,227,electricity,99864
2050,228,electricity,99212
2050,229,electricity,98964
2050,230,electricity,97658
2050,231,electricity,95387
2050,232,electricity,92518
2050,233,electricity,91322
2050,234,electricity,92882
2050,235,electricity,99359
2050,236,electricity,102462
2050,237,electricity,98250
2050,238,electricity,92258
2050,239,electricity,89037
2050,240,electricity,91628
2050,241,electricity,89790
2050,242,electricity,84629
2050,243,electricity,82953
2050,244,electricity,79751
2050,245,electricity,77768
2050,246,electricity,79575
2050,247,electricity,86091
2050,248,electricity,96293
2050,249,electricity,101463
2050,250,electricity,101493
2050,251,electricity,100766
2050,252,electricity,100388
2050,253,electricity,100104
2050,254,electricity,99219
2050,255,electricity,97259
2050,256,electricity,94463
2050,257,electricity,93519
2050,258,electricity,95566
2050,259,electricity,102073
2050,260,electricity,105117
2050,261,electricity,100346
2050,262,electricity,94289
2050,263,electricity,90915
2050,264,electricity,93920
2050,265,electricity,91726
2050,266,electricity,86407
2050,267,electricity,84971
2050,268,electricity,81689
2050,269,electricity,79999
2050,270,electricity,81849
2050,271,electricity,88262
2050,272,electricity,98249
2050,273,electricity,103803
2050,274,electricity,104005
2050,275,electricity,103784
2050,276,electricity,103643
2050,277,electricity,103125
2050,278,electricity,102209
2050,279,electricity,99697
2050,280,electricity,96654
2050,281,electricity,95329
2050,282,electricity,96907
2050,283,electricity,103058
2050,284,electricity,104500
2050,285,electricity,100305
2050,286,electricity,94909
2050,287,electricity,92161
2050,288,electricity,95575
2050,289,electricity,93557
2050,290,electricity,87746
2050,291,electricity,85804
2050,292,electricity,82279
2050,293,electricity,79858
2050,294,electricity,80136
2050,295,electricity,82535
2050,296,electricity,85825
2050,297,electricity,89905
2050,298,electricity,93144
2050,299,electricity,95083
2050,300,electricity,95128
2050,301,electricity,96134
2050,302,electricity,96376
2050,303,electricity,92326
2050,304,electricity,88940
2050,305,electricity,87473
2050,306,electricity,88829
2050,307,electricity,95698
2050,308,electricity,98364
2050,309,electricity,95365
2050,310,electricity,91185
2050,311,electricity,89272
2050,312,electricity,93439
2050,313,electricity,92111
2050,314,electricity,87109
2050,315,electricity,85389
2050,316,electricity,81281
2050,317,electricity,78027
2050,318,electricity,77509
2050,319,electricity,78654
2050,320,electricity,80455
2050,321,electricity,82866
2050,322,electricity,86007
2050,323,electricity,89907
2050,324,electricity,92035
2050,325,electricity,93317
2050,326,electricity,92489
2050,327,electricity,87232
2050,328,electricity,83534
2050,329,electricity,81704
2050,330,electricity,83520
2050,331,electricity,91785
2050,332,electricity,96316
2050,333,electricity,94745
2050,334,electricity,91067
2050,335,electricity,88691
2050,336,electricity,91984
2050,337,electricity,90467
2050,338,electricity,86035
2050,339,electricity,84846
2050,340,electricity,81514
2050,341,electricity,79590
2050,342,electricity,81957
2050,343,electricity,89128
2050,344,electricity,99000
2050,345,electricity,104396
2050,346,electricity,104714
2050,347,electricity,104451
2050,348,electricity,104604
2050,349,electricity,104893
2050,350,electricity,104475
2050,351,electricity,103111
2050,352,electricity,100408
2050,353,electricity,99262
2050,354,electricity,100005
2050,355,electricity,105172
2050,356,electricity,107443
2050,357,electricity,102033
2050,358,electricity,95333
2050,359,electricity,91407
2050,360,electricity,93919
2050,361,electricity,91482
2050,362,electricity,85968
2050,363,electricity,84032
2050,364,electricity,80285
2050,365,electricity,78283
2050,366,electricity,79856
2050,367,electricity,86474
2050,368,electricity,96162
2050,369,electricity,101069
2050,370,electricity,100785
2050,371,electricity,100445
2050,372,electricity,100059
2050,373,electricity,99980
2050,374,electricity,98711
2050,375,electricity,97067
2050,376,electricity,94477
2050,377,electricity,93739
2050,378,electricity,95378
2050,379,electricity,101689
2050,380,electricity,104833
2050,381,electricity,100097
2050,382,electricity,93871
2050,383,electricity,90313
2050,384,electricity,93225
2050,385,electricity,91321
2050,386,electricity,86075
2050,387,electricity,84891
2050,388,electricity,81963
2050,389,electricity,80367
2050,390,electricity,82488
2050,391,electricity,89427
2050,392,electricity,99027
2050,393,electricity,104932
2050,394,electricity,105338
2050,395,electricity,104665
2050,396,electricity,103971
2050,397,electricity,103374
2050,398,electricity,101916
2050,399,electricity,99701
2050,400,electricity,96726
2050,401,electricity,95796
2050,402,electricity,97167
2050,403,electricity,104632
2050,404,electricity,108193
2050,405,electricity,103335
2050,406,electricity,97172
2050,407,electricity,93635
2050,408,electricity,96200
2050,409,electricity,93962
2050,410,electricity,89027
2050,411,electricity,87648
2050,412,electricity,84280
2050,413,electricity,82060
2050,414,electricity,83357
2050,415,electricity,89666
2050,416,electricity,98762
2050,417,electricity,103250
2050,418,electricity,102758
2050,419,electricity,102099
2050,420,electricity,101797
2050,421,electricity,101534
2050,422,electricity,100621
2050,423,electricity,98308
2050,424,electricity,95535
2050,425,electricity,93951
2050,426,electricity,94718
2050,427,electricity,101145
2050,428,electricity,104244
2050,429,electricity,99560
2050,430,electricity,93539
2050,431,electricity,89801
2050,432,electricity,92828
2050,433,electricity,90915
2050,434,electricity,85515
2050,435,electricity,84224
2050,436,electricity,81084
2050,437,electricity,79066
2050,438,electricity,80897
2050,439,electricity,87747
2050,440,electricity,97722
2050,441,electricity,102901
2050,442,electricity,103021
2050,443,electricity,102419
2050,444,electricity,101423
2050,445,electricity,100389
2050,446,electricity,99066
2050,447,electricity,96420
2050,448,electricity,93573
2050,449,electricity,92252
2050,450,electricity,93539
2050,451,electricity,100597
2050,452,electricity,103338
2050,453,electricity,99774
2050,454,electricity,94350
2050,455,electricity,92060
2050,456,electricity,95337
2050,457,electricity,93189
2050,458,electricity,87366
2050,459,electricity,85120
2050,460,electricity,81156
2050,461,electricity,78553
2050,462,electricity,78524
2050,463,electricity,80691
2050,464,electricity,83852
2050,465,electricity,87326
2050,466,electricity,90619
2050,467,electricity,92958
2050,468,electricity,94057
2050,469,electricity,95909
2050,470,electricity,96140
2050,471,electricity,92209
2050,472,electricity,89123
2050,473,electricity,87070
2050,474,electricity,87249
2050,475,electricity,92003
2050,476,electricity,93750
2050,477,electricity,89939
2050,478,electricity,85603
2050,479,electricity,83870
2050,480,electricity,87618
2050,481,electricity,86241
2050,482,electricity,81025
2050,483,electricity,78940
2050,484,electricity,74585
2050,485,electricity,71642
2050,486,electricity,70730
2050,487,electricity,71711
2050,488,electricity,73181
2050,489,electricity,75259
2050,490,electricity,78491
2050,491,electricity,82324
2050,492,electricity,85155
2050,493,electricity,87719
2050,494,electricity,87804
2050,495,electricity,83498
2050,496,electricity,80602
2050,497,electricity,79253
2050,498,electricity,80306
2050,499,electricity,86705
2050,500,electricity,90679
2050,501,electricity,88531
2050,502,electricity,84755
2050,503,electricity,82116
2050,504,electricity,85267
2050,505,electricity,83708
2050,506,electricity,78578
2050,507,electricity,77074
2050,508,electricity,73366
2050,509,electricity,71053
2050,510,electricity,73003
2050,511,electricity,79968
2050,512,electricity,89399
2050,513,electricity,94183
2050,514,electricity,94596
2050,515,electricity,94831
2050,516,electricity,95313
2050,517,electricity,95743
2050,518,electricity,95094
2050,519,electricity,93120
2050,520,electricity,90064
2050,521,electricity,88771
2050,522,electricity,89305
2050,523,electricity,95579
2050,524,electricity,99411
2050,525,electricity,94743
2050,526,electricity,88350
2050,527,electricity,84908
2050,528,electricity,88052
2050,529,electricity,86002
2050,530,electricity,80602
2050,531,electricity,79083
2050,532,electricity,75673
2050,533,electricity,73663
2050,534,electricity,75727
2050,535,electricity,82330
2050,536,electricity,92245
2050,537,electricity,96988
2050,538,electricity,96678
2050,539,electricity,95949
2050,540,electricity,95761
2050,541,electricity,95793
2050,542,electricity,94776
2050,543,electricity,92627
2050,544,electricity,89950
2050,545,electricity,88577
2050,546,electricity,89288
2050,547,electricity,95340
2050,548,electricity,98740
2050,549,electricity,93951
2050,550,electricity,87809
2050,551,electricity,84327
2050,552,electricity,87028
2050,553,electricity,84735
2050,554,electricity,79240
2050,555,electricity,77411
2050,556,electricity,73851
2050,557,electricity,72171
2050,558,electricity,73711
2050,559,electricity,80445
2050,560,electricity,89749
2050,561,electricity,94661
2050,562,electricity,95128
2050,563,electricity,94598
2050,564,electricity,94141
2050,565,electricity,93631
2050,566,electricity,92598
2050,567,electricity,90314
2050,568,electricity,87519
2050,569,electricity,86344
2050,570,electricity,87045
2050,571,electricity,93852
2050,572,electricity,98027
2050,573,electricity,93500
2050,574,electricity,87333
2050,575,electricity,83958
2050,576,electricity,86646
2050,577,electricity,84843
2050,578,electricity,79594
2050,579,electricity,77931
2050,580,electricity,74397
2050,581,electricity,72443
2050,582,electricity,74111
2050,583,electricity,80777
2050,584,electricity,90576
2050,585,electricity,95422
2050,586,electricity,95533
2050,587,electricity,95475
2050,588,electricity,95924
2050,589,electricity,96637
2050,590,electricity,95907
2050,591,electricity,94419
2050,592,electricity,91840
2050,593,electricity,90671
2050,594,electricity,91250
2050,595,electricity,97114
2050,596,electricity,100254
2050,597,electricity,95344
2050,598,electricity,89125
2050,599,electricity,85911
2050,600,electricity,89215
2050,601,electricity,87134
2050,602,electricity,81691
2050,603,electricity,80365
2050,604,electricity,77040
2050,605,electricity,75580
2050,606,electricity,77657
2050,607,electricity,84463
2050,608,electricity,94219
2050,609,electricity,99497
2050,610,electricity,100322
2050,611,electricity,100184
2050,612,electricity,99865
2050,613,electricity,99488
2050,614,electricity,98200
2050,615,electricity,95746
2050,616,electricity,93247
2050,617,electricity,91668
2050,618,electricity,92180
2050,619,electricity,97943
2050,620,electricity,100799
2050,621,electricity,96847
2050,622,electricity,91718
2050,623,electricity,89152
2050,624,electricity,92537
2050,625,electricity,90207
2050,626,electricity,84760
2050,627,electricity,82895
2050,628,electricity,79327
2050,629,electricity,76905
2050,630,electricity,77148
2050,631,electricity,79698
2050,632,electricity,83193
2050,633,electricity,87090
2050,634,electricity,90790
2050,635,electricity,93211
2050,636,electricity,93557
2050,637,electricity,94298
2050,638,electricity,93823
2050,639,electricity,89558
2050,640,electricity,86086
2050,641,electricity,84278
2050,642,electricity,84533
2050,643,electricity,91159
2050,644,electricity,95040
2050,645,electricity,92063
2050,646,electricity,88064
2050,647,electricity,86167
2050,648,electricity,90584
2050,649,electricity,89475
2050,650,electricity,84252
2050,651,electricity,82280
2050,652,electricity,78012
2050,653,electricity,74848
2050,654,electricity,74054
2050,655,electricity,74967
2050,656,electricity,76600
2050,657,electricity,78482
2050,658,electricity,81485
2050,659,electricity,84643
2050,660,electricity,86126
2050,661,electricity,87482
2050,662,electricity,86754
2050,663,electricity,81594
2050,664,electricity,77923
2050,665,electricity,76343
2050,666,electricity,77060
2050,667,electricity,84710
2050,668,electricity,90269
2050,669,electricity,88339
2050,670,electricity,84783
2050,671,electricity,82385
2050,672,electricity,85690
2050,673,electricity,84386
2050,674,electricity,79998
2050,675,electricity,78707
2050,676,electricity,75093
2050,677,electricity,73223
2050,678,electricity,75291
2050,679,electricity,82505
2050,680,electricity,92411
2050,681,electricity,97460
2050,682,electricity,98252
2050,683,electricity,98064
2050,684,electricity,98004
2050,685,electricity,98066
2050,686,electricity,97201
2050,687,electricity,95187
2050,688,electricity,92348
2050,689,electricity,90918
2050,690,electricity,91239
2050,691,electricity,97155
2050,692,electricity,101443
2050,693,electricity,96524
2050,694,electricity,90145
2050,695,electricity,86609
2050,696,electricity,89505
2050,697,electricity,87331
2050,698,electricity,81906
2050,699,electricity,80484
2050,700,electricity,76898
2050,701,electricity,74975
2050,702,electricity,76919
2050,703,electricity,83708
2050,704,electricity,93791
2050,705,electricity,98257
2050,706,electricity,98545
2050,707,electricity,98215
2050,708,electricity,98092
2050,709,electricity,97946
2050,710,electricity,96896
2050,711,electricity,95016
2050,712,electricity,92349
2050,713,electricity,91176
2050,714,electricity,91416
2050,715,electricity,96936
2050,716,electricity,100979
2050,717,electricity,96188
2050,718,electricity,90043
2050,719,electricity,86618
2050,720,electricity,89261
2050,721,electricity,87148
2050,722,electricity,81802
2050,723,electricity,80255
2050,724,electricity,76994
2050,725,electricity,75359
2050,726,electricity,77133
2050,727,electricity,83909
2050,728,electricity,93457
2050,729,electricity,98318
2050,730,electricity,99353
2050,731,electricity,99497
2050,732,electricity,99929
2050,733,electricity,100366
2050,734,electricity,99493
2050,735,electricity,97948
2050,736,electricity,95350
2050,737,electricity,93978
2050,738,electricity,93885
2050,739,electricity,99832
2050,740,electricity,104256
2050,741,electricity,99539
2050,742,electricity,93167
2050,743,electricity,89775
2050,744,electricity,92860
2050,745,electricity,90993
2050,746,electricity,86028
2050,747,electricity,84977
2050,748,electricity,81635
2050,749,electricity,79899
2050,750,electricity,81690
2050,751,electricity,88480
2050,752,electricity,98459
2050,753,electricity,103142
2050,754,electricity,103852
2050,755,electricity,103896
2050,756,electricity,103638
2050,757,electricity,103396
2050,758,electricity,102189
2050,759,electricity,99816
2050,760,electricity,96791
2050,761,electricity,95194
2050,762,electricity,95478
2050,763,electricity,102352
2050,764,electricity,108078
2050,765,electricity,103431
2050,766,electricity,97732
2050,767,electricity,94529
2050,768,electricity,97763
2050,769,electricity,96033
2050,770,electricity,91032
2050,771,electricity,89811
2050,772,electricity,86475
2050,773,electricity,84747
2050,774,electricity,86816
2050,775,electricity,93474
2050,776,electricity,103695
2050,777,electricity,108416
2050,778,electricity,108817
2050,779,electricity,107940
2050,780,electricity,106729
2050,781,electricity,105681
2050,782,electricity,104481
2050,783,electricity,101840
2050,784,electricity,98932
2050,785,electricity,97220
2050,786,electricity,97643
2050,787,electricity,103593
2050,788,electricity,107761
2050,789,electricity,103876
2050,790,electricity,98320
2050,791,electricity,95827
2050,792,electricity,98999
2050,793,electricity,96788
2050,794,electricity,90939
2050,795,electricity,89074
2050,796,electricity,85191
2050,797,electricity,82637
2050,798,electricity,82594
2050,799,electricity,84906
2050,800,electricity,88217
2050,801,electricity,91390
2050,802,electricity,95083
2050,803,electricity,97390
2050,804,electricity,97792
2050,805,electricity,98685
2050,806,electricity,98444
2050,807,electricity,94533
2050,808,electricity,91425
2050,809,electricity,89532
2050,810,electricity,89777
2050,811,electricity,95227
2050,812,electricity,99657
2050,813,electricity,97153
2050,814,electricity,92789
2050,815,electricity,91337
2050,816,electricity,95657
2050,817,electricity,94469
2050,818,electricity,89420
2050,819,electricity,87769
2050,820,electricity,83756
2050,821,electricity,80905
2050,822,electricity,80336
2050,823,electricity,81563
2050,824,electricity,83614
2050,825,electricity,85552
2050,826,electricity,89345
2050,827,electricity,92973
2050,828,electricity,94961
2050,829,electricity,96710
2050,830,electricity,96272
2050,831,electricity,91463
2050,832,electricity,87655
2050,833,electricity,86144
2050,834,electricity,87181
2050,835,electricity,94557
2050,836,electricity,101739
2050,837,electricity,100318
2050,838,electricity,96913
2050,839,electricity,94644
2050,840,electricity,98219
2050,841,electricity,96963
2050,842,electricity,92915
2050,843,electricity,92001
2050,844,electricity,88866
2050,845,electricity,87236
2050,846,electricity,89630
2050,847,electricity,97239
2050,848,electricity,107227
2050,849,electricity,112074
2050,850,electricity,113552
2050,851,electricity,114189
2050,852,electricity,114616
2050,853,electricity,114948
2050,854,electricity,114528
2050,855,electricity,112547
2050,856,electricity,109421
2050,857,electricity,107926
2050,858,electricity,107864
2050,859,electricity,113187
2050,860,electricity,118492
2050,861,electricity,113172
2050,862,electricity,106422
2050,863,electricity,102863
2050,864,electricity,105772
2050,865,electricity,103337
2050,866,electricity,98615
2050,867,electricity,97593
2050,868,electricity,93981
2050,869,electricity,91513
2050,870,electricity,93251
2050,871,electricity,100081
2050,872,electricity,108891
2050,873,electricity,112446
2050,874,electricity,113674
2050,875,electricity,114542
2050,876,electricity,115288
2050,877,electricity,115707
2050,878,electricity,114882
2050,879,electricity,112956
2050,880,electricity,110125
2050,881,electricity,109089
2050,882,electricity,109391
2050,883,electricity,114101
2050,884,electricity,119196
2050,885,electricity,114122
2050,886,electricity,107857
2050,887,electricity,104315
2050,888,electricity,107182
2050,889,electricity,104900
2050,890,electricity,100332
2050,891,electricity,99484
2050,892,electricity,95825
2050,893,electricity,93838
2050,894,electricity,95550
2050,895,electricity,101678
2050,896,electricity,110406
2050,897,electricity,114517
2050,898,electricity,116588
2050,899,electricity,117497
2050,900,electricity,117481
2050,901,electricity,118067
2050,902,electricity,116746
2050,903,electricity,114591
2050,904,electricity,111703
2050,905,electricity,110101
2050,906,electricity,109862
2050,907,electricity,115184
2050,908,electricity,121160
2050,909,electricity,115901
2050,910,electricity,109359
2050,911,electricity,106082
2050,912,electricity,109246
2050,913,electricity,107456
2050,914,electricity,103236
2050,915,electricity,102642
2050,916,electricity,99011
2050,917,electricity,96706
2050,918,electricity,98284
2050,919,electricity,104942
2050,920,electricity,114564
2050,921,electricity,118244
2050,922,electricity,119250
2050,923,electricity,118929
2050,924,electricity,117837
2050,925,electricity,116663
2050,926,electricity,114579
2050,927,electricity,111373
2050,928,electricity,107854
2050,929,electricity,105987
2050,930,electricity,106097
2050,931,electricity,112187
2050,932,electricity,118877
2050,933,electricity,114547
2050,934,electricity,108644
2050,935,electricity,105523
2050,936,electricity,108610
2050,937,electricity,106990
2050,938,electricity,102687
2050,939,electricity,101934
2050,940,electricity,98727
2050,941,electricity,96952
2050,942,electricity,98425
2050,943,electricity,104937
2050,944,electricity,114150
2050,945,electricity,117967
2050,946,electricity,119161
2050,947,electricity,118845
2050,948,electricity,117950
2050,949,electricity,117218
2050,950,electricity,115327
2050,951,electricity,112134
2050,952,electricity,108773
2050,953,electricity,106229
2050,954,electricity,105713
2050,955,electricity,110793
2050,956,electricity,116166
2050,957,electricity,112086
2050,958,electricity,106392
2050,959,electricity,103778
2050,960,electricity,107109
2050,961,electricity,105020
2050,962,electricity,99884
2050,963,electricity,98449
2050,964,electricity,94445
2050,965,electricity,91833
2050,966,electricity,91906
2050,967,electricity,94117
2050,968,electricity,97512
2050,969,electricity,100439
2050,970,electricity,104427
2050,971,electricity,105056
2050,972,electricity,104004
2050,973,electricity,103674
2050,974,electricity,102352
2050,975,electricity,97956
2050,976,electricity,94292
2050,977,electricity,92353
2050,978,electricity,93197
2050,979,electricity,99030
2050,980,electricity,105229
2050,981,electricity,102840
2050,982,electricity,98651
2050,983,electricity,97049
2050,984,electricity,100991
2050,985,electricity,99880
2050,986,electricity,95145
2050,987,electricity,93454
2050,988,electricity,88908
2050,989,electricity,85296
2050,990,electricity,84065
2050,991,electricity,84645
2050,992,electricity,85939
2050,993,electricity,86951
2050,994,electricity,90453
2050,995,electricity,93144
2050,996,electricity,94514
2050,997,electricity,95662
2050,998,electricity,95239
2050,999,electricity,90739
2050,1000,electricity,87555
2050,1001,electricity,86398
2050,1002,electricity,86733
2050,1003,electricity,92776
2050,1004,electricity,100431
2050,1005,electricity,98880
2050,1006,electricity,95476
2050,1007,electricity,93156
2050,1008,electricity,97000
2050,1009,electricity,96075
2050,1010,electricity,91947
2050,1011,electricity,91077
2050,1012,electricity,88227
2050,1013,electricity,86632
2050,1014,electricity,89209
2050,1015,electricity,96828
2050,1016,electricity,106575
2050,1017,electricity,110839
2050,1018,electricity,111958
2050,1019,electricity,110697
2050,1020,electricity,108996
2050,1021,electricity,108016
2050,1022,electricity,106230
2050,1023,electricity,103473
2050,1024,electricity,100027
2050,1025,electricity,98269
2050,1026,electricity,98524
2050,1027,electricity,104270
2050,1028,electricity,113108
2050,1029,electricity,109534
2050,1030,electricity,103796
2050,1031,electricity,100968
2050,1032,electricity,104521
2050,1033,electricity,103077
2050,1034,electricity,98867
2050,1035,electricity,98638
2050,1036,electricity,95380
2050,1037,electricity,93670
2050,1038,electricity,95666
2050,1039,electricity,102695
2050,1040,electricity,112053
2050,1041,electricity,115674
2050,1042,electricity,116812
2050,1043,electricity,116258
2050,1044,electricity,116041
2050,1045,electricity,115834
2050,1046,electricity,114795
2050,1047,electricity,112106
2050,1048,electricity,109134
2050,1049,electricity,107601
2050,1050,electricity,107467
2050,1051,electricity,111927
2050,1052,electricity,118205
2050,1053,electricity,113504
2050,1054,electricity,107204
2050,1055,electricity,103642
2050,1056,electricity,106357
2050,1057,electricity,104571
2050,1058,electricity,100156
2050,1059,electricity,99534
2050,1060,electricity,95829
2050,1061,electricity,93381
2050,1062,electricity,94961
2050,1063,electricity,100996
2050,1064,electricity,109355
2050,1065,electricity,113250
2050,1066,electricity,115242
2050,1067,electricity,115547
2050,1068,electricity,115290
2050,1069,electricity,114582
2050,1070,electricity,113758
2050,1071,electricity,111576
2050,1072,electricity,108285
2050,1073,electricity,106289
2050,1074,electricity,105603
2050,1075,electricity,109890
2050,1076,electricity,115661
2050,1077,electricity,110533
2050,1078,electricity,103509
2050,1079,electricity,100033
2050,1080,electricity,102540
2050,1081,electricity,100257
2050,1082,electricity,95373
2050,1083,electricity,93955
2050,1084,electricity,89851
2050,1085,electricity,86739
2050,1086,electricity,87748
2050,1087,electricity,93387
2050,1088,electricity,101720
2050,1089,electricity,104659
2050,1090,electricity,105846
2050,1091,electricity,105793
2050,1092,electricity,105484
2050,1093,electricity,105225
2050,1094,electricity,103933
2050,1095,electricity,101391
2050,1096,electricity,97839
2050,1097,electricity,95797
2050,1098,electricity,95287
2050,1099,electricity,99211
2050,1100,electricity,105824
2050,1101,electricity,101257
2050,1102,electricity,95224
2050,1103,electricity,91891
2050,1104,electricity,94696
2050,1105,electricity,92893
2050,1106,electricity,87813
2050,1107,electricity,86567
2050,1108,electricity,83283
2050,1109,electricity,81214
2050,1110,electricity,83345
2050,1111,electricity,90128
2050,1112,electricity,99671
2050,1113,electricity,103632
2050,1114,electricity,104919
2050,1115,electricity,103970
2050,1116,electricity,102497
2050,1117,electricity,101112
2050,1118,electricity,99265
2050,1119,electricity,96140
2050,1120,electricity,92424
2050,1121,electricity,90155
2050,1122,electricity,89683
2050,1123,electricity,94571
2050,1124,electricity,101020
2050,1125,electricity,97633
2050,1126,electricity,92565
2050,1127,electricity,89945
2050,1128,electricity,93206
2050,1129,electricity,91036
2050,1130,electricity,85573
2050,1131,electricity,83235
2050,1132,electricity,78842
2050,1133,electricity,76171
2050,1134,electricity,76401
2050,1135,electricity,78673
2050,1136,electricity,81926
2050,1137,electricity,84536
2050,1138,electricity,89069
2050,1139,electricity,91334
2050,1140,electricity,91945
2050,1141,electricity,92923
2050,1142,electricity,92330
2050,1143,electricity,87989
2050,1144,electricity,84268
2050,1145,electricity,81726
2050,1146,electricity,81240
2050,1147,electricity,85594
2050,1148,electricity,93057
2050,1149,electricity,91271
2050,1150,electricity,87547
2050,1151,electricity,86328
2050,1152,electricity,91100
2050,1153,electricity,90617
2050,1154,electricity,85843
2050,1155,electricity,84482
2050,1156,electricity,80753
2050,1157,electricity,77895
2050,1158,electricity,77398
2050,1159,electricity,78847
2050,1160,electricity,80549
2050,1161,electricity,81983
2050,1162,electricity,85590
2050,1163,electricity,88223
2050,1164,electricity,89476
2050,1165,electricity,90593
2050,1166,electricity,89544
2050,1167,electricity,84740
2050,1168,electricity,80984
2050,1169,electricity,79296
2050,1170,electricity,79557
2050,1171,electricity,85202
2050,1172,electricity,93856
2050,1173,electricity,92868
2050,1174,electricity,89568
2050,1175,electricity,87622
2050,1176,electricity,91353
2050,1177,electricity,90341
2050,1178,electricity,85904
2050,1179,electricity,85033
2050,1180,electricity,81878
2050,1181,electricity,80118
2050,1182,electricity,82609
2050,1183,electricity,89507
2050,1184,electricity,98563
2050,1185,electricity,102518
2050,1186,electricity,104946
2050,1187,electricity,105498
2050,1188,electricity,105467
2050,1189,electricity,105628
2050,1190,electricity,104457
2050,1191,electricity,102065
2050,1192,electricity,98933
2050,1193,electricity,97261
2050,1194,electricity,97107
2050,1195,electricity,101007
2050,1196,electricity,107349
2050,1197,electricity,102789
2050,1198,electricity,96337
2050,1199,electricity,92793
2050,1200,electricity,95676
2050,1201,electricity,93690
2050,1202,electricity,88399
2050,1203,electricity,87027
2050,1204,electricity,83336
2050,1205,electricity,81381
2050,1206,electricity,82995
2050,1207,electricity,88926
2050,1208,electricity,97440
2050,1209,electricity,101158
2050,1210,electricity,103480
2050,1211,electricity,103868
2050,1212,electricity,103835
2050,1213,electricity,103848
2050,1214,electricity,102486
2050,1215,electricity,100135
2050,1216,electricity,97336
2050,1217,electricity,95780
2050,1218,electricity,95661
2050,1219,electricity,99863
2050,1220,electricity,107034
2050,1221,electricity,103034
2050,1222,electricity,97142
2050,1223,electricity,94162
2050,1224,electricity,97211
2050,1225,electricity,95426
2050,1226,electricity,90593
2050,1227,electricity,89516
2050,1228,electricity,86430
2050,1229,electricity,84765
2050,1230,electricity,87046
2050,1231,electricity,93649
2050,1232,electricity,102390
2050,1233,electricity,106653
2050,1234,electricity,109046
2050,1235,electricity,108793
2050,1236,electricity,107750
2050,1237,electricity,107248
2050,1238,electricity,105530
2050,1239,electricity,103031
2050,1240,electricity,99529
2050,1241,electricity,97625
2050,1242,electricity,97377
2050,1243,electricity,102298
2050,1244,electricity,111448
2050,1245,electricity,108186
2050,1246,electricity,102511
2050,1247,electricity,99506
2050,1248,electricity,102836
2050,1249,electricity,101526
2050,1250,electricity,97138
2050,1251,electricity,96247
2050,1252,electricity,93186
2050,1253,electricity,91381
2050,1254,electricity,93582
2050,1255,electricity,100274
2050,1256,electricity,109151
2050,1257,electricity,112906
2050,1258,electricity,114754
2050,1259,electricity,114224
2050,1260,electricity,113087
2050,1261,electricity,112340
2050,1262,electricity,110240
2050,1263,electricity,107592
2050,1264,electricity,103968
2050,1265,electricity,102173
2050,1266,electricity,101935
2050,1267,electricity,106210
2050,1268,electricity,114604
2050,1269,electricity,111402
2050,1270,electricity,106157
2050,1271,electricity,103080
2050,1272,electricity,106164
2050,1273,electricity,104792
2050,1274,electricity,100040
2050,1275,electricity,99431
2050,1276,electricity,96342
2050,1277,electricity,94604
2050,1278,electricity,96762
2050,1279,electricity,103313
2050,1280,electricity,111237
2050,1281,electricity,114538
2050,1282,electricity,116607
2050,1283,electricity,115792
2050,1284,electricity,114304
2050,1285,electricity,113134
2050,1286,electricity,111127
2050,1287,electricity,107862
2050,1288,electricity,104107
2050,1289,electricity,101625
2050,1290,electricity,101102
2050,1291,electricity,105201
2050,1292,electricity,112749
2050,1293,electricity,110457
2050,1294,electricity,105497
2050,1295,electricity,102983
2050,1296,electricity,106461
2050,1297,electricity,104382
2050,1298,electricity,99991
2050,1299,electricity,99068
2050,1300,electricity,95034
2050,1301,electricity,92486
2050,1302,electricity,92703
2050,1303,electricity,95161
2050,1304,electricity,98224
2050,1305,electricity,100841
2050,1306,electricity,104697
2050,1307,electricity,105587
2050,1308,electricity,104503
2050,1309,electricity,104228
2050,1310,electricity,102882
2050,1311,electricity,97992
2050,1312,electricity,93854
2050,1313,electricity,91725
2050,1314,electricity,91217
2050,1315,electricity,95240
2050,1316,electricity,103548
2050,1317,electricity,102309
2050,1318,electricity,98753
2050,1319,electricity,97228
2050,1320,electricity,101880
2050,1321,electricity,101074
2050,1322,electricity,96866
2050,1323,electricity,95722
2050,1324,electricity,92060
2050,1325,electricity,89269
2050,1326,electricity,88824
2050,1327,electricity,90125
2050,1328,electricity,91697
2050,1329,electricity,93646
2050,1330,electricity,97485
2050,1331,electricity,99823
2050,1332,electricity,100381
2050,1333,electricity,100959
2050,1334,electricity,99297
2050,1335,electricity,93894
2050,1336,electricity,89668
2050,1337,electricity,87556
2050,1338,electricity,87641
2050,1339,electricity,92955
2050,1340,electricity,103899
2050,1341,electricity,104820
2050,1342,electricity,102175
2050,1343,electricity,100778
2050,1344,electricity,104822
2050,1345,electricity,103876
2050,1346,electricity,99883
2050,1347,electricity,99498
2050,1348,electricity,97077
2050,1349,electricity,95923
2050,1350,electricity,98600
2050,1351,electricity,105697
2050,1352,electricity,113924
2050,1353,electricity,117911
2050,1354,electricity,120263
2050,1355,electricity,120043
2050,1356,electricity,119429
2050,1357,electricity,119215
2050,1358,electricity,118103
2050,1359,electricity,115642
2050,1360,electricity,112093
2050,1361,electricity,110454
2050,1362,electricity,110307
2050,1363,electricity,114873
2050,1364,electricity,124713
2050,1365,electricity,122070
2050,1366,electricity,116441
2050,1367,electricity,113408
2050,1368,electricity,116772
2050,1369,electricity,115487
2050,1370,electricity,111734
2050,1371,electricity,111531
2050,1372,electricity,108521
2050,1373,electricity,106765
2050,1374,electricity,108517
2050,1375,electricity,114884
2050,1376,electricity,121452
2050,1377,electricity,124757
2050,1378,electricity,126846
2050,1379,electricity,126404
2050,1380,electricity,126036
2050,1381,electricity,126205
2050,1382,electricity,124525
2050,1383,electricity,121496
2050,1384,electricity,117695
2050,1385,electricity,115929
2050,1386,electricity,115282
2050,1387,electricity,118784
2050,1388,electricity,128046
2050,1389,electricity,125710
2050,1390,electricity,120053
2050,1391,electricity,117324
2050,1392,electricity,120552
2050,1393,electricity,119163
2050,1394,electricity,115355
2050,1395,electricity,115232
2050,1396,electricity,111986
2050,1397,electricity,110034
2050,1398,electricity,111691
2050,1399,electricity,117449
2050,1400,electricity,123849
2050,1401,electricity,127541
2050,1402,electricity,130244
2050,1403,electricity,130679
2050,1404,electricity,130586
2050,1405,electricity,130289
2050,1406,electricity,129074
2050,1407,electricity,126745
2050,1408,electricity,123959
2050,1409,electricity,122576
2050,1410,electricity,121851
2050,1411,electricity,124852
2050,1412,electricity,131402
2050,1413,electricity,127351
2050,1414,electricity,120884
2050,1415,electricity,117094
2050,1416,electricity,119549
2050,1417,electricity,117388
2050,1418,electricity,113167
2050,1419,electricity,112346
2050,1420,electricity,108607
2050,1421,electricity,105839
2050,1422,electricity,106699
2050,1423,electricity,111470
2050,1424,electricity,117064
2050,1425,electricity,119692
2050,1426,electricity,123060
2050,1427,electricity,124231
2050,1428,electricity,124319
2050,1429,electricity,123766
2050,1430,electricity,122322
2050,1431,electricity,119994
2050,1432,electricity,116741
2050,1433,electricity,114539
2050,1434,electricity,113426
2050,1435,electricity,115404
2050,1436,electricity,121251
2050,1437,electricity,117156
2050,1438,electricity,110459
2050,1439,electricity,106741
2050,1440,electricity,109133
2050,1441,electricity,107067
2050,1442,electricity,102577
2050,1443,electricity,101772
2050,1444,electricity,97782
2050,1445,electricity,95235
2050,1446,electricity,96123
2050,1447,electricity,101387
2050,1448,electricity,107473
2050,1449,electricity,110854
2050,1450,electricity,114112
2050,1451,electricity,115040
2050,1452,electricity,115330
2050,1453,electricity,114480
2050,1454,electricity,112635
2050,1455,electricity,108629
2050,1456,electricity,103712
2050,1457,electricity,100416
2050,1458,electricity,98576
2050,1459,electricity,101391
2050,1460,electricity,108670
2050,1461,electricity,106353
2050,1462,electricity,101309
2050,1463,electricity,98837
2050,1464,electricity,102458
2050,1465,electricity,100822
2050,1466,electricity,95961
2050,1467,electricity,94398
2050,1468,electricity,90120
2050,1469,electricity,87272
2050,1470,electricity,86647
2050,1471,electricity,88502
2050,1472,electricity,90339
2050,1473,electricity,92476
2050,1474,electricity,96255
2050,1475,electricity,97587
2050,1476,electricity,96781
2050,1477,electricity,96670
2050,1478,electricity,95609
2050,1479,electricity,90673
2050,1480,electricity,86392
2050,1481,electricity,83562
2050,1482,electricity,82740
2050,1483,electricity,86081
2050,1484,electricity,94104
2050,1485,electricity,93164
2050,1486,electricity,89302
2050,1487,electricity,88050
2050,1488,electricity,92478
2050,1489,electricity,91570
2050,1490,electricity,86961
2050,1491,electricity,85491
2050,1492,electricity,81535
2050,1493,electricity,78527
2050,1494,electricity,77591
2050,1495,electricity,78690
2050,1496,electricity,79356
2050,1497,electricity,80660
2050,1498,electricity,84081
2050,1499,electricity,86735
2050,1500,electricity,88426
2050,1501,electricity,90086
2050,1502,electricity,89730
2050,1503,electricity,85200
2050,1504,electricity,81525
2050,1505,electricity,79641
2050,1506,electricity,79193
2050,1507,electricity,82590
2050,1508,electricity,91443
2050,1509,electricity,91675
2050,1510,electricity,88459
2050,1511,electricity,86506
2050,1512,electricity,90369
2050,1513,electricity,89175
2050,1514,electricity,84725
2050,1515,electricity,83599
2050,1516,electricity,80627
2050,1517,electricity,78718
2050,1518,electricity,81004
2050,1519,electricity,87655
2050,1520,electricity,95390
2050,1521,electricity,99117
2050,1522,electricity,101270
2050,1523,electricity,100983
2050,1524,electricity,100030
2050,1525,electricity,99243
2050,1526,electricity,97701
2050,1527,electricity,94953
2050,1528,electricity,91727
2050,1529,electricity,90128
2050,1530,electricity,89180
2050,1531,electricity,91936
2050,1532,electricity,99977
2050,1533,electricity,97226
2050,1534,electricity,91315
2050,1535,electricity,88149
2050,1536,electricity,91264
2050,1537,electricity,89654
2050,1538,electricity,84890
2050,1539,electricity,83655
2050,1540,electricity,80335
2050,1541,electricity,78558
2050,1542,electricity,80405
2050,1543,electricity,86648
2050,1544,electricity,94250
2050,1545,electricity,98248
2050,1546,electricity,99584
2050,1547,electricity,98955
2050,1548,electricity,98096
2050,1549,electricity,97427
2050,1550,electricity,96347
2050,1551,electricity,94246
2050,1552,electricity,91176
2050,1553,electricity,89333
2050,1554,electricity,88980
2050,1555,electricity,92115
2050,1556,electricity,100713
2050,1557,electricity,97910
2050,1558,electricity,91643
2050,1559,electricity,89124
2050,1560,electricity,92485
2050,1561,electricity,90816
2050,1562,electricity,85607
2050,1563,electricity,84176
2050,1564,electricity,80864
2050,1565,electricity,79206
2050,1566,electricity,81042
2050,1567,electricity,87409
2050,1568,electricity,95166
2050,1569,electricity,99381
2050,1570,electricity,101372
2050,1571,electricity,101045
2050,1572,electricity,100334
2050,1573,electricity,99975
2050,1574,electricity,98723
2050,1575,electricity,96358
2050,1576,electricity,92795
2050,1577,electricity,90545
2050,1578,electricity,89464
2050,1579,electricity,91964
2050,1580,electricity,100956
2050,1581,electricity,99539
2050,1582,electricity,93914
2050,1583,electricity,91274
2050,1584,electricity,94730
2050,1585,electricity,92901
2050,1586,electricity,88028
2050,1587,electricity,86799
2050,1588,electricity,83659
2050,1589,electricity,81798
2050,1590,electricity,83427
2050,1591,electricity,89978
2050,1592,electricity,97291
2050,1593,electricity,100577
2050,1594,electricity,101850
2050,1595,electricity,101165
2050,1596,electricity,99796
2050,1597,electricity,98902
2050,1598,electricity,97294
2050,1599,electricity,94491
2050,1600,electricity,91110
2050,1601,electricity,88981
2050,1602,electricity,88173
2050,1603,electricity,90774
2050,1604,electricity,99090
2050,1605,electricity,97158
2050,1606,electricity,91225
2050,1607,electricity,88026
2050,1608,electricity,91376
2050,1609,electricity,89367
2050,1610,electricity,83694
2050,1611,electricity,82250
2050,1612,electricity,78725
2050,1613,electricity,76513
2050,1614,electricity,78037
2050,1615,electricity,84073
2050,1616,electricity,91030
2050,1617,electricity,94399
2050,1618,electricity,95980
2050,1619,electricity,95901
2050,1620,electricity,95394
2050,1621,electricity,94875
2050,1622,electricity,93607
2050,1623,electricity,90991
2050,1624,electricity,87506
2050,1625,electricity,85245
2050,1626,electricity,84972
2050,1627,electricity,87464
2050,1628,electricity,93405
2050,1629,electricity,90958
2050,1630,electricity,85043
2050,1631,electricity,82083
2050,1632,electricity,85312
2050,1633,electricity,83271
2050,1634,electricity,77422
2050,1635,electricity,75217
2050,1636,electricity,71171
2050,1637,electricity,68342
2050,1638,electricity,68274
2050,1639,electricity,70359
2050,1640,electricity,72144
2050,1641,electricity,74782
2050,1642,electricity,78683
2050,1643,electricity,80529
2050,1644,electricity,80847
2050,1645,electricity,81907
2050,1646,electricity,81626
2050,1647,electricity,77415
2050,1648,electricity,73780
2050,1649,electricity,71387
2050,1650,electricity,70539
2050,1651,electricity,73006
2050,1652,electricity,79663
2050,1653,electricity,79184
2050,1654,electricity,75145
2050,1655,electricity,73439
2050,1656,electricity,77726
2050,1657,electricity,76613
2050,1658,electricity,71792
2050,1659,electricity,69658
2050,1660,electricity,65244
2050,1661,electricity,62498
2050,1662,electricity,61930
2050,1663,electricity,63180
2050,1664,electricity,63374
2050,1665,electricity,65045
2050,1666,electricity,68558
2050,1667,electricity,71108
2050,1668,electricity,72778
2050,1669,electricity,74557
2050,1670,electricity,74052
2050,1671,electricity,69682
2050,1672,electricity,66459
2050,1673,electricity,64362
2050,1674,electricity,63840
2050,1675,electricity,67802
2050,1676,electricity,76835
2050,1677,electricity,77606
2050,1678,electricity,74586
2050,1679,electricity,72782
2050,1680,electricity,76420
2050,1681,electricity,75424
2050,1682,electricity,71301
2050,1683,electricity,70057
2050,1684,electricity,66849
2050,1685,electricity,65262
2050,1686,electricity,67650
2050,1687,electricity,74716
2050,1688,electricity,82717
2050,1689,electricity,86746
2050,1690,electricity,88910
2050,1691,electricity,88843
2050,1692,electricity,89229
2050,1693,electricity,89814
2050,1694,electricity,89287
2050,1695,electricity,87530
2050,1696,electricity,84990
2050,1697,electricity,83831
2050,1698,electricity,83178
2050,1699,electricity,85677
2050,1700,electricity,93782
2050,1701,electricity,91637
2050,1702,electricity,85517
2050,1703,electricity,82233
2050,1704,electricity,85239
2050,1705,electricity,83473
2050,1706,electricity,78437
2050,1707,electricity,77061
2050,1708,electricity,73991
2050,1709,electricity,72342
2050,1710,electricity,74366
2050,1711,electricity,81304
2050,1712,electricity,89456
2050,1713,electricity,93112
2050,1714,electricity,93756
2050,1715,electricity,92802
2050,1716,electricity,92123
2050,1717,electricity,91811
2050,1718,electricity,90777
2050,1719,electricity,88375
2050,1720,electricity,85206
2050,1721,electricity,83085
2050,1722,electricity,82203
2050,1723,electricity,84729
2050,1724,electricity,92882
2050,1725,electricity,91892
2050,1726,electricity,86091
2050,1727,electricity,83047
2050,1728,electricity,86422
2050,1729,electricity,84848
2050,1730,electricity,79964
2050,1731,electricity,78822
2050,1732,electricity,75960
2050,1733,electricity,74732
2050,1734,electricity,77006
2050,1735,electricity,84086
2050,1736,electricity,91482
2050,1737,electricity,94806
2050,1738,electricity,94825
2050,1739,electricity,92837
2050,1740,electricity,90870
2050,1741,electricity,90069
2050,1742,electricity,88787
2050,1743,electricity,86163
2050,1744,electricity,83069
2050,1745,electricity,81308
2050,1746,electricity,80899
2050,1747,electricity,84025
2050,1748,electricity,92463
2050,1749,electricity,90587
2050,1750,electricity,84797
2050,1751,electricity,81289
2050,1752,electricity,84177
2050,1753,electricity,82467
2050,1754,electricity,77498
2050,1755,electricity,76153
2050,1756,electricity,72582
2050,1757,electricity,70445
2050,1758,electricity,72061
2050,1759,electricity,78759
2050,1760,electricity,86342
2050,1761,electricity,90365
2050,1762,electricity,92070
2050,1763,electricity,92139
2050,1764,electricity,92306
2050,1765,electricity,92506
2050,1766,electricity,91414
2050,1767,electricity,89356
2050,1768,electricity,86471
2050,1769,electricity,84368
2050,1770,electricity,83673
2050,1771,electricity,86017
2050,1772,electricity,93021
2050,1773,electricity,91213
2050,1774,electricity,85427
2050,1775,electricity,82216
2050,1776,electricity,85510
2050,1777,electricity,83630
2050,1778,electricity,78484
2050,1779,electricity,76993
2050,1780,electricity,73858
2050,1781,electricity,72044
2050,1782,electricity,74044
2050,1783,electricity,80749
2050,1784,electricity,88318
2050,1785,electricity,91875
2050,1786,electricity,92437
2050,1787,electricity,91265
2050,1788,electricity,89740
2050,1789,electricity,88922
2050,1790,electricity,87944
2050,1791,electricity,85483
2050,1792,electricity,82231
2050,1793,electricity,79985
2050,1794,electricity,79456
2050,1795,electricity,82143
2050,1796,electricity,89124
2050,1797,electricity,88719
2050,1798,electricity,83665
2050,1799,electricity,81539
2050,1800,electricity,85160
2050,1801,electricity,83451
2050,1802,electricity,77837
2050,1803,electricity,76070
2050,1804,electricity,72638
2050,1805,electricity,70262
2050,1806,electricity,70649
2050,1807,electricity,73500
2050,1808,electricity,75571
2050,1809,electricity,79249
2050,1810,electricity,83412
2050,1811,electricity,85478
2050,1812,electricity,85880
2050,1813,electricity,87579
2050,1814,electricity,87873
2050,1815,electricity,84444
2050,1816,electricity,81922
2050,1817,electricity,80491
2050,1818,electricity,80548
2050,1819,electricity,83579
2050,1820,electricity,90250
2050,1821,electricity,90053
2050,1822,electricity,86144
2050,1823,electricity,84554
2050,1824,electricity,89090
2050,1825,electricity,87999
2050,1826,electricity,83156
2050,1827,electricity,81631
2050,1828,electricity,77811
2050,1829,electricity,75000
2050,1830,electricity,74754
2050,1831,electricity,75984
2050,1832,electricity,76395
2050,1833,electricity,79098
2050,1834,electricity,83247
2050,1835,electricity,86309
2050,1836,electricity,88260
2050,1837,electricity,90585
2050,1838,electricity,89935
2050,1839,electricity,85540
2050,1840,electricity,82393
2050,1841,electricity,80961
2050,1842,electricity,81047
2050,1843,electricity,84801
2050,1844,electricity,93207
2050,1845,electricity,94412
2050,1846,electricity,91143
2050,1847,electricity,88876
2050,1848,electricity,92589
2050,1849,electricity,91494
2050,1850,electricity,87221
2050,1851,electricity,86579
2050,1852,electricity,83727
2050,1853,electricity,82282
2050,1854,electricity,85031
2050,1855,electricity,92557
2050,1856,electricity,100698
2050,1857,electricity,105195
2050,1858,electricity,106772
2050,1859,electricity,106837
2050,1860,electricity,106624
2050,1861,electricity,106452
2050,1862,electricity,105862
2050,1863,electricity,103937
2050,1864,electricity,101010
2050,1865,electricity,99908
2050,1866,electricity,99695
2050,1867,electricity,102937
2050,1868,electricity,110404
2050,1869,electricity,108237
2050,1870,electricity,101693
2050,1871,electricity,98295
2050,1872,electricity,101372
2050,1873,electricity,99324
2050,1874,electricity,94512
2050,1875,electricity,93510
2050,1876,electricity,90569
2050,1877,electricity,89155
2050,1878,electricity,91223
2050,1879,electricity,98839
2050,1880,electricity,106740
2050,1881,electricity,110501
2050,1882,electricity,110700
2050,1883,electricity,109533
2050,1884,electricity,108588
2050,1885,electricity,108525
2050,1886,electricity,107385
2050,1887,electricity,104618
2050,1888,electricity,100914
2050,1889,electricity,98503
2050,1890,electricity,97553
2050,1891,electricity,100184
2050,1892,electricity,108108
2050,1893,electricity,107905
2050,1894,electricity,101810
2050,1895,electricity,98673
2050,1896,electricity,101655
2050,1897,electricity,99943
2050,1898,electricity,95168
2050,1899,electricity,94180
2050,1900,electricity,91263
2050,1901,electricity,89775
2050,1902,electricity,92167
2050,1903,electricity,99087
2050,1904,electricity,106397
2050,1905,electricity,110002
2050,1906,electricity,110463
2050,1907,electricity,109175
2050,1908,electricity,107351
2050,1909,electricity,106668
2050,1910,electricity,104382
2050,1911,electricity,101650
2050,1912,electricity,97678
2050,1913,electricity,95271
2050,1914,electricity,93921
2050,1915,electricity,96160
2050,1916,electricity,104577
2050,1917,electricity,105176
2050,1918,electricity,99265
2050,1919,electricity,96535
2050,1920,electricity,100096
2050,1921,electricity,98697
2050,1922,electricity,94075
2050,1923,electricity,93307
2050,1924,electricity,90190
2050,1925,electricity,88395
2050,1926,electricity,90451
2050,1927,electricity,96901
2050,1928,electricity,104052
2050,1929,electricity,106998
2050,1930,electricity,107536
2050,1931,electricity,106193
2050,1932,electricity,104862
2050,1933,electricity,104244
2050,1934,electricity,102954
2050,1935,electricity,100170
2050,1936,electricity,96993
2050,1937,electricity,95022
2050,1938,electricity,94235
2050,1939,electricity,96746
2050,1940,electricity,103762
2050,1941,electricity,102710
2050,1942,electricity,96704
2050,1943,electricity,93418
2050,1944,electricity,96354
2050,1945,electricity,94862
2050,1946,electricity,89745
2050,1947,electricity,88349
2050,1948,electricity,84901
2050,1949,electricity,83142
2050,1950,electricity,85016
2050,1951,electricity,91688
2050,1952,electricity,98795
2050,1953,electricity,102434
2050,1954,electricity,103574
2050,1955,electricity,102946
2050,1956,electricity,102121
2050,1957,electricity,101568
2050,1958,electricity,100048
2050,1959,electricity,97125
2050,1960,electricity,94089
2050,1961,electricity,91574
2050,1962,electricity,90597
2050,1963,electricity,92728
2050,1964,electricity,98224
2050,1965,electricity,97801
2050,1966,electricity,92457
2050,1967,electricity,89818
2050,1968,electricity,92916
2050,1969,electricity,90647
2050,1970,electricity,85084
2050,1971,electricity,83151
2050,1972,electricity,79576
2050,1973,electricity,76930
2050,1974,electricity,77098
2050,1975,electricity,79407
2050,1976,electricity,81015
2050,1977,electricity,84381
2050,1978,electricity,87543
2050,1979,electricity,88078
2050,1980,electricity,87164
2050,1981,electricity,87488
2050,1982,electricity,86505
2050,1983,electricity,82106
2050,1984,electricity,78303
2050,1985,electricity,75868
2050,1986,electricity,74971
2050,1987,electricity,77526
2050,1988,electricity,84083
2050,1989,electricity,85609
2050,1990,electricity,81672
2050,1991,electricity,80005
2050,1992,electricity,84323
2050,1993,electricity,83548
2050,1994,electricity,79033
2050,1995,electricity,78237
2050,1996,electricity,77856
2050,1997,electricity,73561
2050,1998,electricity,71191
2050,1999,electricity,71068
2050,2000,electricity,71869
2050,2001,electricity,72523
2050,2002,electricity,75846
2050,2003,electricity,78650
2050,2004,electricity,80247
2050,2005,electricity,81301
2050,2006,electricity,81265
2050,2007,electricity,76056
2050,2008,electricity,72247
2050,2009,electricity,69386
2050,2010,electricity,68042
2050,2011,electricity,70767
2050,2012,electricity,75999
2050,2013,electricity,79981
2050,2014,electricity,80464
2050,2015,electricity,78426
2050,2016,electricity,81796
2050,2017,electricity,80464
2050,2018,electricity,76314
2050,2019,electricity,75067
2050,2020,electricity,72006
2050,2021,electricity,70152
2050,2022,electricity,72390
2050,2023,electricity,79442
2050,2024,electricity,89290
2050,2025,electricity,93413
2050,2026,electricity,95343
2050,2027,electricity,94998
2050,2028,electricity,93781
2050,2029,electricity,92876
2050,2030,electricity,91504
2050,2031,electricity,89003
2050,2032,electricity,85949
2050,2033,electricity,83593
2050,2034,electricity,82328
2050,2035,electricity,84142
2050,2036,electricity,88279
2050,2037,electricity,88963
2050,2038,electricity,86942
2050,2039,electricity,83571
2050,2040,electricity,86713
2050,2041,electricity,85031
2050,2042,electricity,79523
2050,2043,electricity,78090
2050,2044,electricity,74891
2050,2045,electricity,72956
2050,2046,electricity,74545
2050,2047,electricity,81036
2050,2048,electricity,90908
2050,2049,electricity,94880
2050,2050,electricity,96742
2050,2051,electricity,96857
2050,2052,electricity,96947
2050,2053,electricity,97153
2050,2054,electricity,96013
2050,2055,electricity,93890
2050,2056,electricity,90816
2050,2057,electricity,88385
2050,2058,electricity,86705
2050,2059,electricity,87968
2050,2060,electricity,91165
2050,2061,electricity,91074
2050,2062,electricity,87936
2050,2063,electricity,84509
2050,2064,electricity,87126
2050,2065,electricity,84929
2050,2066,electricity,79100
2050,2067,electricity,77484
2050,2068,electricity,74019
2050,2069,electricity,71839
2050,2070,electricity,73247
2050,2071,electricity,79415
2050,2072,electricity,88085
2050,2073,electricity,92185
2050,2074,electricity,94288
2050,2075,electricity,94445
2050,2076,electricity,94172
2050,2077,electricity,94072
2050,2078,electricity,93115
2050,2079,electricity,90770
2050,2080,electricity,87967
2050,2081,electricity,85587
2050,2082,electricity,84114
2050,2083,electricity,84876
2050,2084,electricity,88123
2050,2085,electricity,88365
2050,2086,electricity,86823
2050,2087,electricity,83947
2050,2088,electricity,87214
2050,2089,electricity,85638
2050,2090,electricity,80190
2050,2091,electricity,78782
2050,2092,electricity,75559
2050,2093,electricity,73717
2050,2094,electricity,75175
2050,2095,electricity,81961
2050,2096,electricity,91990
2050,2097,electricity,95677
2050,2098,electricity,96570
2050,2099,electricity,95367
2050,2100,electricity,94244
2050,2101,electricity,93538
2050,2102,electricity,92212
2050,2103,electricity,89555
2050,2104,electricity,86316
2050,2105,electricity,83842
2050,2106,electricity,82382
2050,2107,electricity,83735
2050,2108,electricity,87525
2050,2109,electricity,88102
2050,2110,electricity,86767
2050,2111,electricity,84113
2050,2112,electricity,87297
2050,2113,electricity,85590
2050,2114,electricity,80230
2050,2115,electricity,78667
2050,2116,electricity,75535
2050,2117,electricity,73746
2050,2118,electricity,74981
2050,2119,electricity,81273
2050,2120,electricity,90261
2050,2121,electricity,93826
2050,2122,electricity,95669
2050,2123,electricity,95931
2050,2124,electricity,95441
2050,2125,electricity,94605
2050,2126,electricity,93455
2050,2127,electricity,91085
2050,2128,electricity,87642
2050,2129,electricity,84802
2050,2130,electricity,82939
2050,2131,electricity,84196
2050,2132,electricity,85782
2050,2133,electricity,86639
2050,2134,electricity,86772
2050,2135,electricity,84660
2050,2136,electricity,88231
2050,2137,electricity,86284
2050,2138,electricity,80406
2050,2139,electricity,78290
2050,2140,electricity,74492
2050,2141,electricity,72008
2050,2142,electricity,72024
2050,2143,electricity,74327
2050,2144,electricity,77385
2050,2145,electricity,80100
2050,2146,electricity,83962
2050,2147,electricity,85284
2050,2148,electricity,84966
2050,2149,electricity,85401
2050,2150,electricity,85193
2050,2151,electricity,81451
2050,2152,electricity,78038
2050,2153,electricity,75460
2050,2154,electricity,74041
2050,2155,electricity,75537
2050,2156,electricity,78760
2050,2157,electricity,80595
2050,2158,electricity,81598
2050,2159,electricity,80564
2050,2160,electricity,85065
2050,2161,electricity,84051
2050,2162,electricity,78756
2050,2163,electricity,77115
2050,2164,electricity,73296
2050,2165,electricity,70295
2050,2166,electricity,69423
2050,2167,electricity,70852
2050,2168,electricity,72438
2050,2169,electricity,74435
2050,2170,electricity,78195
2050,2171,electricity,80583
2050,2172,electricity,81095
2050,2173,electricity,81081
2050,2174,electricity,79548
2050,2175,electricity,73973
2050,2176,electricity,70080
2050,2177,electricity,67622
2050,2178,electricity,66489
2050,2179,electricity,68043
2050,2180,electricity,71577
2050,2181,electricity,75449
2050,2182,electricity,77587
2050,2183,electricity,76737
2050,2184,electricity,80925
2050,2185,electricity,79640
2050,2186,electricity,74614
2050,2187,electricity,73038
2050,2188,electricity,69554
2050,2189,electricity,67100
2050,2190,electricity,67045
2050,2191,electricity,68834
2050,2192,electricity,70179
2050,2193,electricity,71483
2050,2194,electricity,75237
2050,2195,electricity,78057
2050,2196,electricity,78731
2050,2197,electricity,79542
2050,2198,electricity,78491
2050,2199,electricity,73763
2050,2200,electricity,70328
2050,2201,electricity,67957
2050,2202,electricity,67471
2050,2203,electricity,70490
2050,2204,electricity,75144
2050,2205,electricity,76764
2050,2206,electricity,76567
2050,2207,electricity,74369
2050,2208,electricity,77703
2050,2209,electricity,76076
2050,2210,electricity,71182
2050,2211,electricity,69852
2050,2212,electricity,66383
2050,2213,electricity,64416
2050,2214,electricity,66421
2050,2215,electricity,73432
2050,2216,electricity,81997
2050,2217,electricity,85480
2050,2218,electricity,87804
2050,2219,electricity,87914
2050,2220,electricity,87474
2050,2221,electricity,87666
2050,2222,electricity,86696
2050,2223,electricity,84770
2050,2224,electricity,82011
2050,2225,electricity,79648
2050,2226,electricity,77846
2050,2227,electricity,78491
2050,2228,electricity,81140
2050,2229,electricity,80804
2050,2230,electricity,79964
2050,2231,electricity,77266
2050,2232,electricity,80789
2050,2233,electricity,78883
2050,2234,electricity,73348
2050,2235,electricity,71744
2050,2236,electricity,68354
2050,2237,electricity,66546
2050,2238,electricity,67745
2050,2239,electricity,73680
2050,2240,electricity,81523
2050,2241,electricity,85107
2050,2242,electricity,87193
2050,2243,electricity,87478
2050,2244,electricity,87258
2050,2245,electricity,87582
2050,2246,electricity,86306
2050,2247,electricity,84614
2050,2248,electricity,81726
2050,2249,electricity,79424
2050,2250,electricity,77889
2050,2251,electricity,78538
2050,2252,electricity,81601
2050,2253,electricity,81165
2050,2254,electricity,80394
2050,2255,electricity,77967
2050,2256,electricity,81272
2050,2257,electricity,79781
2050,2258,electricity,74403
2050,2259,electricity,73102
2050,2260,electricity,69826
2050,2261,electricity,67978
2050,2262,electricity,69768
2050,2263,electricity,76347
2050,2264,electricity,85272
2050,2265,electricity,88695
2050,2266,electricity,89913
2050,2267,electricity,89128
2050,2268,electricity,88544
2050,2269,electricity,87847
2050,2270,electricity,86814
2050,2271,electricity,84316
2050,2272,electricity,80976
2050,2273,electricity,78336
2050,2274,electricity,76023
2050,2275,electricity,76578
2050,2276,electricity,79500
2050,2277,electricity,79781
2050,2278,electricity,80229
2050,2279,electricity,77964
2050,2280,electricity,81369
2050,2281,electricity,79495
2050,2282,electricity,74549
2050,2283,electricity,73283
2050,2284,electricity,70574
2050,2285,electricity,69182
2050,2286,electricity,71109
2050,2287,electricity,77805
2050,2288,electricity,86404
2050,2289,electricity,89808
2050,2290,electricity,89891
2050,2291,electricity,87724
2050,2292,electricity,85787
2050,2293,electricity,84227
2050,2294,electricity,82403
2050,2295,electricity,79172
2050,2296,electricity,75482
2050,2297,electricity,72122
2050,2298,electricity,70382
2050,2299,electricity,70962
2050,2300,electricity,72648
2050,2301,electricity,73050
2050,2302,electricity,73901
2050,2303,electricity,72139
2050,2304,electricity,75754
2050,2305,electricity,73485
2050,2306,electricity,67870
2050,2307,electricity,65489
2050,2308,electricity,61767
2050,2309,electricity,58961
2050,2310,electricity,58841
2050,2311,electricity,61046
2050,2312,electricity,63219
2050,2313,electricity,66048
2050,2314,electricity,69880
2050,2315,electricity,71375
2050,2316,electricity,71531
2050,2317,electricity,72448
2050,2318,electricity,72334
2050,2319,electricity,68530
2050,2320,electricity,65459
2050,2321,electricity,63265
2050,2322,electricity,61941
2050,2323,electricity,63339
2050,2324,electricity,65927
2050,2325,electricity,66551
2050,2326,electricity,67146
2050,2327,electricity,65899
2050,2328,electricity,70329
2050,2329,electricity,69075
2050,2330,electricity,63733
2050,2331,electricity,61522
2050,2332,electricity,57271
2050,2333,electricity,54599
2050,2334,electricity,53836
2050,2335,electricity,54983
2050,2336,electricity,55509
2050,2337,electricity,57335
2050,2338,electricity,61019
2050,2339,electricity,64091
2050,2340,electricity,65755
2050,2341,electricity,67918
2050,2342,electricity,67600
2050,2343,electricity,63284
2050,2344,electricity,60140
2050,2345,electricity,58245
2050,2346,electricity,57570
2050,2347,electricity,59868
2050,2348,electricity,64188
2050,2349,electricity,66048
2050,2350,electricity,66987
2050,2351,electricity,65397
2050,2352,electricity,69212
2050,2353,electricity,68050
2050,2354,electricity,63446
2050,2355,electricity,61695
2050,2356,electricity,58233
2050,2357,electricity,56493
2050,2358,electricity,58218
2050,2359,electricity,64561
2050,2360,electricity,72141
2050,2361,electricity,76660
2050,2362,electricity,79690
2050,2363,electricity,80726
2050,2364,electricity,81211
2050,2365,electricity,81660
2050,2366,electricity,80852
2050,2367,electricity,79329
2050,2368,electricity,76481
2050,2369,electricity,74421
2050,2370,electricity,72817
2050,2371,electricity,73737
2050,2372,electricity,77241
2050,2373,electricity,75857
2050,2374,electricity,74540
2050,2375,electricity,72362
2050,2376,electricity,75775
2050,2377,electricity,74058
2050,2378,electricity,68371
2050,2379,electricity,66722
2050,2380,electricity,63343
2050,2381,electricity,61725
2050,2382,electricity,63310
2050,2383,electricity,69531
2050,2384,electricity,77291
2050,2385,electricity,81604
2050,2386,electricity,83469
2050,2387,electricity,83395
2050,2388,electricity,83211
2050,2389,electricity,83227
2050,2390,electricity,82315
2050,2391,electricity,80332
2050,2392,electricity,77427
2050,2393,electricity,75580
2050,2394,electricity,74112
2050,2395,electricity,75189
2050,2396,electricity,78210
2050,2397,electricity,77538
2050,2398,electricity,76945
2050,2399,electricity,74440
2050,2400,electricity,77916
2050,2401,electricity,75827
2050,2402,electricity,70359
2050,2403,electricity,68773
2050,2404,electricity,65597
2050,2405,electricity,63984
2050,2406,electricity,65835
2050,2407,electricity,72110
2050,2408,electricity,79190
2050,2409,electricity,83636
2050,2410,electricity,85511
2050,2411,electricity,85258
2050,2412,electricity,84843
2050,2413,electricity,84728
2050,2414,electricity,83482
2050,2415,electricity,81512
2050,2416,electricity,78579
2050,2417,electricity,76293
2050,2418,electricity,74739
2050,2419,electricity,75667
2050,2420,electricity,78496
2050,2421,electricity,77400
2050,2422,electricity,76636
2050,2423,electricity,74159
2050,2424,electricity,77313
2050,2425,electricity,75347
2050,2426,electricity,69889
2050,2427,electricity,68207
2050,2428,electricity,64745
2050,2429,electricity,63129
2050,2430,electricity,64625
2050,2431,electricity,70675
2050,2432,electricity,78334
2050,2433,electricity,82822
2050,2434,electricity,84494
2050,2435,electricity,84612
2050,2436,electricity,84170
2050,2437,electricity,84481
2050,2438,electricity,83835
2050,2439,electricity,81633
2050,2440,electricity,78818
2050,2441,electricity,76600
2050,2442,electricity,75354
2050,2443,electricity,76690
2050,2444,electricity,79751
2050,2445,electricity,78661
2050,2446,electricity,77600
2050,2447,electricity,75032
2050,2448,electricity,78249
2050,2449,electricity,76213
2050,2450,electricity,70656
2050,2451,electricity,68809
2050,2452,electricity,65565
2050,2453,electricity,63788
2050,2454,electricity,65021
2050,2455,electricity,70720
2050,2456,electricity,77940
2050,2457,electricity,81805
2050,2458,electricity,83552
2050,2459,electricity,83282
2050,2460,electricity,82352
2050,2461,electricity,82163
2050,2462,electricity,80849
2050,2463,electricity,78166
2050,2464,electricity,74976
2050,2465,electricity,72022
2050,2466,electricity,70223
2050,2467,electricity,70608
2050,2468,electricity,72542
2050,2469,electricity,72333
2050,2470,electricity,72969
2050,2471,electricity,71761
2050,2472,electricity,75524
2050,2473,electricity,73754
2050,2474,electricity,67743
2050,2475,electricity,65536
2050,2476,electricity,61827
2050,2477,electricity,59417
2050,2478,electricity,59229
2050,2479,electricity,61227
2050,2480,electricity,62612
2050,2481,electricity,65811
2050,2482,electricity,69667
2050,2483,electricity,71478
2050,2484,electricity,71562
2050,2485,electricity,72890
2050,2486,electricity,72592
2050,2487,electricity,68622
2050,2488,electricity,65484
2050,2489,electricity,63156
2050,2490,electricity,61635
2050,2491,electricity,62880
2050,2492,electricity,65452
2050,2493,electricity,65659
2050,2494,electricity,66972
2050,2495,electricity,66341
2050,2496,electricity,70730
2050,2497,electricity,69863
2050,2498,electricity,64452
2050,2499,electricity,62459
2050,2500,electricity,58545
2050,2501,electricity,55982
2050,2502,electricity,55441
2050,2503,electricity,56520
2050,2504,electricity,56931
2050,2505,electricity,59282
2050,2506,electricity,62753
2050,2507,electricity,64762
2050,2508,electricity,65633
2050,2509,electricity,67231
2050,2510,electricity,66970
2050,2511,electricity,62474
2050,2512,electricity,59395
2050,2513,electricity,57011
2050,2514,electricity,56111
2050,2515,electricity,57992
2050,2516,electricity,61989
2050,2517,electricity,63588
2050,2518,electricity,65560
2050,2519,electricity,64951
2050,2520,electricity,68710
2050,2521,electricity,67319
2050,2522,electricity,62569
2050,2523,electricity,60982
2050,2524,electricity,57928
2050,2525,electricity,56327
2050,2526,electricity,58556
2050,2527,electricity,65260
2050,2528,electricity,72038
2050,2529,electricity,76554
2050,2530,electricity,78541
2050,2531,electricity,78693
2050,2532,electricity,78490
2050,2533,electricity,78745
2050,2534,electricity,77963
2050,2535,electricity,76032
2050,2536,electricity,73068
2050,2537,electricity,70841
2050,2538,electricity,68854
2050,2539,electricity,68866
2050,2540,electricity,71848
2050,2541,electricity,70681
2050,2542,electricity,70925
2050,2543,electricity,69503
2050,2544,electricity,72728
2050,2545,electricity,70912
2050,2546,electricity,65650
2050,2547,electricity,63843
2050,2548,electricity,61093
2050,2549,electricity,59650
2050,2550,electricity,61512
2050,2551,electricity,67560
2050,2552,electricity,74016
2050,2553,electricity,77792
2050,2554,electricity,78706
2050,2555,electricity,77574
2050,2556,electricity,76943
2050,2557,electricity,76571
2050,2558,electricity,75730
2050,2559,electricity,73884
2050,2560,electricity,71556
2050,2561,electricity,69090
2050,2562,electricity,67004
2050,2563,electricity,66823
2050,2564,electricity,68745
2050,2565,electricity,67383
2050,2566,electricity,67908
2050,2567,electricity,66639
2050,2568,electricity,69579
2050,2569,electricity,67448
2050,2570,electricity,61977
2050,2571,electricity,60282
2050,2572,electricity,57109
2050,2573,electricity,55332
2050,2574,electricity,56686
2050,2575,electricity,61847
2050,2576,electricity,67024
2050,2577,electricity,70900
2050,2578,electricity,72951
2050,2579,electricity,73079
2050,2580,electricity,72997
2050,2581,electricity,73413
2050,2582,electricity,73081
2050,2583,electricity,71679
2050,2584,electricity,69442
2050,2585,electricity,67296
2050,2586,electricity,65301
2050,2587,electricity,65134
2050,2588,electricity,66428
2050,2589,electricity,64855
2050,2590,electricity,65264
2050,2591,electricity,64077
2050,2592,electricity,67298
2050,2593,electricity,65165
2050,2594,electricity,59659
2050,2595,electricity,57746
2050,2596,electricity,54372
2050,2597,electricity,52402
2050,2598,electricity,53376
2050,2599,electricity,58237
2050,2600,electricity,63578
2050,2601,electricity,67324
2050,2602,electricity,69727
2050,2603,electricity,70856
2050,2604,electricity,71232
2050,2605,electricity,72363
2050,2606,electricity,72172
2050,2607,electricity,71153
2050,2608,electricity,69052
2050,2609,electricity,67216
2050,2610,electricity,65256
2050,2611,electricity,65293
2050,2612,electricity,66549
2050,2613,electricity,64368
2050,2614,electricity,64451
2050,2615,electricity,63725
2050,2616,electricity,66954
2050,2617,electricity,64869
2050,2618,electricity,58966
2050,2619,electricity,57012
2050,2620,electricity,53518
2050,2621,electricity,51762
2050,2622,electricity,52977
2050,2623,electricity,58257
2050,2624,electricity,63811
2050,2625,electricity,68191
2050,2626,electricity,70453
2050,2627,electricity,71420
2050,2628,electricity,72132
2050,2629,electricity,72867
2050,2630,electricity,72788
2050,2631,electricity,71111
2050,2632,electricity,69058
2050,2633,electricity,66852
2050,2634,electricity,65167
2050,2635,electricity,65289
2050,2636,electricity,65869
2050,2637,electricity,63781
2050,2638,electricity,64141
2050,2639,electricity,63228
2050,2640,electricity,66130
2050,2641,electricity,63804
2050,2642,electricity,57720
2050,2643,electricity,55138
2050,2644,electricity,51376
2050,2645,electricity,48962
2050,2646,electricity,48658
2050,2647,electricity,50266
2050,2648,electricity,50982
2050,2649,electricity,54344
2050,2650,electricity,58331
2050,2651,electricity,60510
2050,2652,electricity,61532
2050,2653,electricity,63325
2050,2654,electricity,63947
2050,2655,electricity,61285
2050,2656,electricity,59298
2050,2657,electricity,57504
2050,2658,electricity,56369
2050,2659,electricity,56797
2050,2660,electricity,57601
2050,2661,electricity,56851
2050,2662,electricity,57824
2050,2663,electricity,58046
2050,2664,electricity,61810
2050,2665,electricity,60223
2050,2666,electricity,54693
2050,2667,electricity,52257
2050,2668,electricity,48517
2050,2669,electricity,46080
2050,2670,electricity,45106
2050,2671,electricity,45568
2050,2672,electricity,45227
2050,2673,electricity,47742
2050,2674,electricity,51564
2050,2675,electricity,54469
2050,2676,electricity,56555
2050,2677,electricity,58771
2050,2678,electricity,59240
2050,2679,electricity,55728
2050,2680,electricity,53492
2050,2681,electricity,51903
2050,2682,electricity,51206
2050,2683,electricity,52673
2050,2684,electricity,55407
2050,2685,electricity,56062
2050,2686,electricity,58168
2050,2687,electricity,58074
2050,2688,electricity,61117
2050,2689,electricity,59291
2050,2690,electricity,54077
2050,2691,electricity,52167
2050,2692,electricity,48893
2050,2693,electricity,47495
2050,2694,electricity,49001
2050,2695,electricity,53869
2050,2696,electricity,59229
2050,2697,electricity,63994
2050,2698,electricity,67353
2050,2699,electricity,68922
2050,2700,electricity,69978
2050,2701,electricity,70841
2050,2702,electricity,70858
2050,2703,electricity,69751
2050,2704,electricity,67919
2050,2705,electricity,65774
2050,2706,electricity,64052
2050,2707,electricity,63990
2050,2708,electricity,65924
2050,2709,electricity,64243
2050,2710,electricity,63673
2050,2711,electricity,62979
2050,2712,electricity,66008
2050,2713,electricity,63605
2050,2714,electricity,57910
2050,2715,electricity,56280
2050,2716,electricity,52859
2050,2717,electricity,51468
2050,2718,electricity,52674
2050,2719,electricity,57156
2050,2720,electricity,62466
2050,2721,electricity,66987
2050,2722,electricity,69595
2050,2723,electricity,70638
2050,2724,electricity,71253
2050,2725,electricity,72144
2050,2726,electricity,71658
2050,2727,electricity,70533
2050,2728,electricity,68474
2050,2729,electricity,66586
2050,2730,electricity,64785
2050,2731,electricity,64723
2050,2732,electricity,66296
2050,2733,electricity,64593
2050,2734,electricity,64165
2050,2735,electricity,63524
2050,2736,electricity,66590
2050,2737,electricity,64113
2050,2738,electricity,58379
2050,2739,electricity,56344
2050,2740,electricity,53375
2050,2741,electricity,51525
2050,2742,electricity,52570
2050,2743,electricity,57211
2050,2744,electricity,62596
2050,2745,electricity,67741
2050,2746,electricity,70953
2050,2747,electricity,72022
2050,2748,electricity,72885
2050,2749,electricity,73881
2050,2750,electricity,73568
2050,2751,electricity,72227
2050,2752,electricity,70135
2050,2753,electricity,68258
2050,2754,electricity,66311
2050,2755,electricity,66629
2050,2756,electricity,68462
2050,2757,electricity,66862
2050,2758,electricity,65882
2050,2759,electricity,65307
2050,2760,electricity,68363
2050,2761,electricity,65896
2050,2762,electricity,60043
2050,2763,electricity,58472
2050,2764,electricity,55189
2050,2765,electricity,53734
2050,2766,electricity,55036
2050,2767,electricity,59998
2050,2768,electricity,65174
2050,2769,electricity,69844
2050,2770,electricity,72456
2050,2771,electricity,73273
2050,2772,electricity,74037
2050,2773,electricity,74495
2050,2774,electricity,74311
2050,2775,electricity,72796
2050,2776,electricity,70543
2050,2777,electricity,68141
2050,2778,electricity,66411
2050,2779,electricity,66624
2050,2780,electricity,68276
2050,2781,electricity,66840
2050,2782,electricity,66482
2050,2783,electricity,65916
2050,2784,electricity,69230
2050,2785,electricity,66783
2050,2786,electricity,60998
2050,2787,electricity,59393
2050,2788,electricity,56449
2050,2789,electricity,54848
2050,2790,electricity,56301
2050,2791,electricity,61222
2050,2792,electricity,66249
2050,2793,electricity,70810
2050,2794,electricity,73383
2050,2795,electricity,73650
2050,2796,electricity,73697
2050,2797,electricity,74328
2050,2798,electricity,73765
2050,2799,electricity,71736
2050,2800,electricity,69576
2050,2801,electricity,67119
2050,2802,electricity,65415
2050,2803,electricity,65902
2050,2804,electricity,67314
2050,2805,electricity,66054
2050,2806,electricity,65806
2050,2807,electricity,65336
2050,2808,electricity,68505
2050,2809,electricity,66021
2050,2810,electricity,59938
2050,2811,electricity,57550
2050,2812,electricity,53795
2050,2813,electricity,51454
2050,2814,electricity,51195
2050,2815,electricity,52620
2050,2816,electricity,53643
2050,2817,electricity,57093
2050,2818,electricity,61114
2050,2819,electricity,63297
2050,2820,electricity,64136
2050,2821,electricity,65989
2050,2822,electricity,66568
2050,2823,electricity,63239
2050,2824,electricity,60885
2050,2825,electricity,58575
2050,2826,electricity,57243
2050,2827,electricity,58065
2050,2828,electricity,60214
2050,2829,electricity,59885
2050,2830,electricity,60407
2050,2831,electricity,61304
2050,2832,electricity,65440
2050,2833,electricity,64019
2050,2834,electricity,58489
2050,2835,electricity,56146
2050,2836,electricity,52359
2050,2837,electricity,49893
2050,2838,electricity,49132
2050,2839,electricity,49468
2050,2840,electricity,49376
2050,2841,electricity,52145
2050,2842,electricity,56185
2050,2843,electricity,59594
2050,2844,electricity,62218
2050,2845,electricity,65230
2050,2846,electricity,65590
2050,2847,electricity,61851
2050,2848,electricity,59249
2050,2849,electricity,57487
2050,2850,electricity,57170
2050,2851,electricity,59039
2050,2852,electricity,62620
2050,2853,electricity,63605
2050,2854,electricity,63811
2050,2855,electricity,63773
2050,2856,electricity,67521
2050,2857,electricity,65963
2050,2858,electricity,60880
2050,2859,electricity,59191
2050,2860,electricity,55810
2050,2861,electricity,53913
2050,2862,electricity,55213
2050,2863,electricity,59502
2050,2864,electricity,64809
2050,2865,electricity,70061
2050,2866,electricity,73560
2050,2867,electricity,75538
2050,2868,electricity,76860
2050,2869,electricity,78763
2050,2870,electricity,79145
2050,2871,electricity,77091
2050,2872,electricity,74546
2050,2873,electricity,72174
2050,2874,electricity,70889
2050,2875,electricity,71688
2050,2876,electricity,74264
2050,2877,electricity,73119
2050,2878,electricity,71610
2050,2879,electricity,70864
2050,2880,electricity,74201
2050,2881,electricity,71599
2050,2882,electricity,65771
2050,2883,electricity,63434
2050,2884,electricity,59855
2050,2885,electricity,57249
2050,2886,electricity,56729
2050,2887,electricity,57650
2050,2888,electricity,58009
2050,2889,electricity,60259
2050,2890,electricity,62996
2050,2891,electricity,64675
2050,2892,electricity,65603
2050,2893,electricity,67637
2050,2894,electricity,67574
2050,2895,electricity,63571
2050,2896,electricity,60199
2050,2897,electricity,57852
2050,2898,electricity,56851
2050,2899,electricity,58869
2050,2900,electricity,62835
2050,2901,electricity,63692
2050,2902,electricity,64729
2050,2903,electricity,65545
2050,2904,electricity,69221
2050,2905,electricity,67691
2050,2906,electricity,62574
2050,2907,electricity,61296
2050,2908,electricity,58418
2050,2909,electricity,57208
2050,2910,electricity,60153
2050,2911,electricity,66457
2050,2912,electricity,73222
2050,2913,electricity,78245
2050,2914,electricity,80158
2050,2915,electricity,79985
2050,2916,electricity,79802
2050,2917,electricity,80439
2050,2918,electricity,79788
2050,2919,electricity,77902
2050,2920,electricity,75012
2050,2921,electricity,72864
2050,2922,electricity,71044
2050,2923,electricity,71739
2050,2924,electricity,74580
2050,2925,electricity,73396
2050,2926,electricity,71893
2050,2927,electricity,71122
2050,2928,electricity,74256
2050,2929,electricity,71839
2050,2930,electricity,66028
2050,2931,electricity,64134
2050,2932,electricity,60837
2050,2933,electricity,59044
2050,2934,electricity,60690
2050,2935,electricity,65551
2050,2936,electricity,71749
2050,2937,electricity,76468
2050,2938,electricity,78350
2050,2939,electricity,78390
2050,2940,electricity,78215
2050,2941,electricity,78529
2050,2942,electricity,77634
2050,2943,electricity,75784
2050,2944,electricity,72987
2050,2945,electricity,70872
2050,2946,electricity,69172
2050,2947,electricity,69528
2050,2948,electricity,72013
2050,2949,electricity,70447
2050,2950,electricity,69287
2050,2951,electricity,69445
2050,2952,electricity,73011
2050,2953,electricity,70994
2050,2954,electricity,65098
2050,2955,electricity,63323
2050,2956,electricity,60192
2050,2957,electricity,58448
2050,2958,electricity,60019
2050,2959,electricity,64808
2050,2960,electricity,70907
2050,2961,electricity,75365
2050,2962,electricity,77273
2050,2963,electricity,77210
2050,2964,electricity,76541
2050,2965,electricity,76418
2050,2966,electricity,75434
2050,2967,electricity,73455
2050,2968,electricity,70600
2050,2969,electricity,67855
2050,2970,electricity,65637
2050,2971,electricity,65881
2050,2972,electricity,67298
2050,2973,electricity,65960
2050,2974,electricity,65260
2050,2975,electricity,66148
2050,2976,electricity,69900
2050,2977,electricity,67609
2050,2978,electricity,61650
2050,2979,electricity,59348
2050,2980,electricity,55486
2050,2981,electricity,53222
2050,2982,electricity,53001
2050,2983,electricity,54183
2050,2984,electricity,56083
2050,2985,electricity,59400
2050,2986,electricity,62806
2050,2987,electricity,64481
2050,2988,electricity,64495
2050,2989,electricity,65771
2050,2990,electricity,65980
2050,2991,electricity,62818
2050,2992,electricity,60207
2050,2993,electricity,57655
2050,2994,electricity,56372
2050,2995,electricity,57133
2050,2996,electricity,58454
2050,2997,electricity,57625
2050,2998,electricity,57925
2050,2999,electricity,59432
2050,3000,electricity,63884
2050,3001,electricity,62246
2050,3002,electricity,56524
2050,3003,electricity,54074
2050,3004,electricity,50337
2050,3005,electricity,47724
2050,3006,electricity,47078
2050,3007,electricity,47041
2050,3008,electricity,47309
2050,3009,electricity,49867
2050,3010,electricity,53494
2050,3011,electricity,56013
2050,3012,electricity,57482
2050,3013,electricity,59370
2050,3014,electricity,59968
2050,3015,electricity,56429
2050,3016,electricity,54254
2050,3017,electricity,52238
2050,3018,electricity,51324
2050,3019,electricity,52713
2050,3020,electricity,55328
2050,3021,electricity,55810
2050,3022,electricity,56552
2050,3023,electricity,58323
2050,3024,electricity,62077
2050,3025,electricity,60022
2050,3026,electricity,54504
2050,3027,electricity,52409
2050,3028,electricity,48803
2050,3029,electricity,47154
2050,3030,electricity,48401
2050,3031,electricity,52027
2050,3032,electricity,57059
2050,3033,electricity,61560
2050,3034,electricity,64549
2050,3035,electricity,65781
2050,3036,electricity,66813
2050,3037,electricity,68376
2050,3038,electricity,68759
2050,3039,electricity,67209
2050,3040,electricity,65214
2050,3041,electricity,63492
2050,3042,electricity,62094
2050,3043,electricity,62069
2050,3044,electricity,63272
2050,3045,electricity,61560
2050,3046,electricity,59969
2050,3047,electricity,60698
2050,3048,electricity,63959
2050,3049,electricity,61426
2050,3050,electricity,55429
2050,3051,electricity,53451
2050,3052,electricity,49949
2050,3053,electricity,47610
2050,3054,electricity,47072
2050,3055,electricity,47385
2050,3056,electricity,48325
2050,3057,electricity,51404
2050,3058,electricity,55327
2050,3059,electricity,58004
2050,3060,electricity,59738
2050,3061,electricity,62155
2050,3062,electricity,62671
2050,3063,electricity,59702
2050,3064,electricity,57672
2050,3065,electricity,55785
2050,3066,electricity,54800
2050,3067,electricity,55818
2050,3068,electricity,58018
2050,3069,electricity,57530
2050,3070,electricity,57568
2050,3071,electricity,58815
2050,3072,electricity,62783
2050,3073,electricity,60401
2050,3074,electricity,54823
2050,3075,electricity,52769
2050,3076,electricity,49416
2050,3077,electricity,47570
2050,3078,electricity,48522
2050,3079,electricity,51620
2050,3080,electricity,56181
2050,3081,electricity,60889
2050,3082,electricity,64251
2050,3083,electricity,65797
2050,3084,electricity,66791
2050,3085,electricity,68653
2050,3086,electricity,68426
2050,3087,electricity,66750
2050,3088,electricity,64456
2050,3089,electricity,62727
2050,3090,electricity,61220
2050,3091,electricity,61475
2050,3092,electricity,62826
2050,3093,electricity,61116
2050,3094,electricity,59878
2050,3095,electricity,60690
2050,3096,electricity,64262
2050,3097,electricity,61747
2050,3098,electricity,55863
2050,3099,electricity,53875
2050,3100,electricity,50396
2050,3101,electricity,48135
2050,3102,electricity,47766
2050,3103,electricity,48217
2050,3104,electricity,49337
2050,3105,electricity,52336
2050,3106,electricity,56023
2050,3107,electricity,58823
2050,3108,electricity,60410
2050,3109,electricity,62864
2050,3110,electricity,63027
2050,3111,electricity,59952
2050,3112,electricity,57428
2050,3113,electricity,55517
2050,3114,electricity,54364
2050,3115,electricity,55470
2050,3116,electricity,58061
2050,3117,electricity,57691
2050,3118,electricity,57554
2050,3119,electricity,59281
2050,3120,electricity,63488
2050,3121,electricity,61551
2050,3122,electricity,55854
2050,3123,electricity,54075
2050,3124,electricity,51039
2050,3125,electricity,49577
2050,3126,electricity,50731
2050,3127,electricity,53945
2050,3128,electricity,58186
2050,3129,electricity,62177
2050,3130,electricity,64886
2050,3131,electricity,65687
2050,3132,electricity,66095
2050,3133,electricity,67673
2050,3134,electricity,67615
2050,3135,electricity,65311
2050,3136,electricity,63291
2050,3137,electricity,61290
2050,3138,electricity,60074
2050,3139,electricity,60546
2050,3140,electricity,62102
2050,3141,electricity,60714
2050,3142,electricity,59870
2050,3143,electricity,61153
2050,3144,electricity,64612
2050,3145,electricity,62304
2050,3146,electricity,55920
2050,3147,electricity,53670
2050,3148,electricity,50077
2050,3149,electricity,47799
2050,3150,electricity,47681
2050,3151,electricity,48336
2050,3152,electricity,49666
2050,3153,electricity,53160
2050,3154,electricity,57385
2050,3155,electricity,59955
2050,3156,electricity,61468
2050,3157,electricity,63926
2050,3158,electricity,64821
2050,3159,electricity,61917
2050,3160,electricity,59676
2050,3161,electricity,57899
2050,3162,electricity,57184
2050,3163,electricity,58122
2050,3164,electricity,60222
2050,3165,electricity,59736
2050,3166,electricity,58975
2050,3167,electricity,60263
2050,3168,electricity,64255
2050,3169,electricity,62602
2050,3170,electricity,56780
2050,3171,electricity,54500
2050,3172,electricity,50774
2050,3173,electricity,48454
2050,3174,electricity,47740
2050,3175,electricity,47649
2050,3176,electricity,48090
2050,3177,electricity,50713
2050,3178,electricity,54462
2050,3179,electricity,57742
2050,3180,electricity,60369
2050,3181,electricity,63345
2050,3182,electricity,63930
2050,3183,electricity,60200
2050,3184,electricity,57628
2050,3185,electricity,55848
2050,3186,electricity,55390
2050,3187,electricity,57266
2050,3188,electricity,60842
2050,3189,electricity,61174
2050,3190,electricity,60706
2050,3191,electricity,61669
2050,3192,electricity,65670
2050,3193,electricity,64113
2050,3194,electricity,58936
2050,3195,electricity,57270
2050,3196,electricity,54056
2050,3197,electricity,52436
2050,3198,electricity,54521
2050,3199,electricity,59305
2050,3200,electricity,66814
2050,3201,electricity,72306
2050,3202,electricity,75699
2050,3203,electricity,77079
2050,3204,electricity,77783
2050,3205,electricity,78990
2050,3206,electricity,78940
2050,3207,electricity,77446
2050,3208,electricity,74933
2050,3209,electricity,72920
2050,3210,electricity,71556
2050,3211,electricity,72173
2050,3212,electricity,75315
2050,3213,electricity,72717
2050,3214,electricity,69636
2050,3215,electricity,68991
2050,3216,electricity,72093
2050,3217,electricity,69669
2050,3218,electricity,63716
2050,3219,electricity,61665
2050,3220,electricity,58458
2050,3221,electricity,56650
2050,3222,electricity,58191
2050,3223,electricity,62992
2050,3224,electricity,70332
2050,3225,electricity,75627
2050,3226,electricity,77800
2050,3227,electricity,78086
2050,3228,electricity,78427
2050,3229,electricity,78964
2050,3230,electricity,77545
2050,3231,electricity,75946
2050,3232,electricity,73435
2050,3233,electricity,71249
2050,3234,electricity,69481
2050,3235,electricity,69787
2050,3236,electricity,71509
2050,3237,electricity,69404
2050,3238,electricity,66886
2050,3239,electricity,67201
2050,3240,electricity,70269
2050,3241,electricity,67628
2050,3242,electricity,61850
2050,3243,electricity,59822
2050,3244,electricity,56652
2050,3245,electricity,54909
2050,3246,electricity,56305
2050,3247,electricity,60611
2050,3248,electricity,67298
2050,3249,electricity,72344
2050,3250,electricity,74529
2050,3251,electricity,75091
2050,3252,electricity,75574
2050,3253,electricity,76202
2050,3254,electricity,75600
2050,3255,electricity,74026
2050,3256,electricity,71751
2050,3257,electricity,69820
2050,3258,electricity,68084
2050,3259,electricity,68527
2050,3260,electricity,70498
2050,3261,electricity,68087
2050,3262,electricity,65756
2050,3263,electricity,66316
2050,3264,electricity,69537
2050,3265,electricity,67205
2050,3266,electricity,61388
2050,3267,electricity,59350
2050,3268,electricity,56175
2050,3269,electricity,54531
2050,3270,electricity,55695
2050,3271,electricity,59816
2050,3272,electricity,67197
2050,3273,electricity,71967
2050,3274,electricity,73946
2050,3275,electricity,74317
2050,3276,electricity,74765
2050,3277,electricity,75271
2050,3278,electricity,74777
2050,3279,electricity,72821
2050,3280,electricity,70880
2050,3281,electricity,68885
2050,3282,electricity,67340
2050,3283,electricity,67460
2050,3284,electricity,69263
2050,3285,electricity,67233
2050,3286,electricity,65374
2050,3287,electricity,65762
2050,3288,electricity,69146
2050,3289,electricity,66729
2050,3290,electricity,60693
2050,3291,electricity,58848
2050,3292,electricity,55811
2050,3293,electricity,54045
2050,3294,electricity,55249
2050,3295,electricity,59379
2050,3296,electricity,66334
2050,3297,electricity,70791
2050,3298,electricity,72776
2050,3299,electricity,73333
2050,3300,electricity,73362
2050,3301,electricity,73642
2050,3302,electricity,73141
2050,3303,electricity,70706
2050,3304,electricity,68596
2050,3305,electricity,66144
2050,3306,electricity,64394
2050,3307,electricity,64318
2050,3308,electricity,65357
2050,3309,electricity,63538
2050,3310,electricity,62378
2050,3311,electricity,63608
2050,3312,electricity,67514
2050,3313,electricity,65206
2050,3314,electricity,58890
2050,3315,electricity,56463
2050,3316,electricity,53018
2050,3317,electricity,50757
2050,3318,electricity,50539
2050,3319,electricity,50730
2050,3320,electricity,52597
2050,3321,electricity,56046
2050,3322,electricity,59736
2050,3323,electricity,61979
2050,3324,electricity,62530
2050,3325,electricity,63968
2050,3326,electricity,63920
2050,3327,electricity,61388
2050,3328,electricity,59430
2050,3329,electricity,57125
2050,3330,electricity,55732
2050,3331,electricity,56265
2050,3332,electricity,57906
2050,3333,electricity,57077
2050,3334,electricity,56637
2050,3335,electricity,58577
2050,3336,electricity,63083
2050,3337,electricity,61561
2050,3338,electricity,55936
2050,3339,electricity,53771
2050,3340,electricity,50207
2050,3341,electricity,47822
2050,3342,electricity,47081
2050,3343,electricity,46337
2050,3344,electricity,47227
2050,3345,electricity,49794
2050,3346,electricity,53173
2050,3347,electricity,55505
2050,3348,electricity,56960
2050,3349,electricity,58632
2050,3350,electricity,59230
2050,3351,electricity,55634
2050,3352,electricity,53283
2050,3353,electricity,51550
2050,3354,electricity,50816
2050,3355,electricity,51987
2050,3356,electricity,54313
2050,3357,electricity,54833
2050,3358,electricity,55322
2050,3359,electricity,57179
2050,3360,electricity,61755
2050,3361,electricity,59777
2050,3362,electricity,54136
2050,3363,electricity,51930
2050,3364,electricity,48356
2050,3365,electricity,46194
2050,3366,electricity,46214
2050,3367,electricity,46431
2050,3368,electricity,48089
2050,3369,electricity,51388
2050,3370,electricity,55366
2050,3371,electricity,58087
2050,3372,electricity,59788
2050,3373,electricity,62443
2050,3374,electricity,63144
2050,3375,electricity,60222
2050,3376,electricity,57856
2050,3377,electricity,56013
2050,3378,electricity,55319
2050,3379,electricity,56521
2050,3380,electricity,59384
2050,3381,electricity,58793
2050,3382,electricity,58104
2050,3383,electricity,59067
2050,3384,electricity,62739
2050,3385,electricity,60456
2050,3386,electricity,55081
2050,3387,electricity,53249
2050,3388,electricity,49980
2050,3389,electricity,48626
2050,3390,electricity,50220
2050,3391,electricity,54546
2050,3392,electricity,61505
2050,3393,electricity,66555
2050,3394,electricity,69371
2050,3395,electricity,70728
2050,3396,electricity,71603
2050,3397,electricity,72746
2050,3398,electricity,72708
2050,3399,electricity,71638
2050,3400,electricity,69971
2050,3401,electricity,68147
2050,3402,electricity,66488
2050,3403,electricity,66951
2050,3404,electricity,68617
2050,3405,electricity,65819
2050,3406,electricity,63239
2050,3407,electricity,63070
2050,3408,electricity,66524
2050,3409,electricity,63642
2050,3410,electricity,57571
2050,3411,electricity,55572
2050,3412,electricity,52419
2050,3413,electricity,50949
2050,3414,electricity,51823
2050,3415,electricity,55020
2050,3416,electricity,61416
2050,3417,electricity,66404
2050,3418,electricity,69341
2050,3419,electricity,70960
2050,3420,electricity,71690
2050,3421,electricity,72905
2050,3422,electricity,73006
2050,3423,electricity,71902
2050,3424,electricity,69970
2050,3425,electricity,68201
2050,3426,electricity,66582
2050,3427,electricity,66340
2050,3428,electricity,68276
2050,3429,electricity,65649
2050,3430,electricity,63277
2050,3431,electricity,63522
2050,3432,electricity,66919
2050,3433,electricity,64300
2050,3434,electricity,58317
2050,3435,electricity,56257
2050,3436,electricity,53229
2050,3437,electricity,51378
2050,3438,electricity,52327
2050,3439,electricity,55923
2050,3440,electricity,62483
2050,3441,electricity,67283
2050,3442,electricity,69835
2050,3443,electricity,71146
2050,3444,electricity,72092
2050,3445,electricity,73016
2050,3446,electricity,72772
2050,3447,electricity,71702
2050,3448,electricity,70110
2050,3449,electricity,68391
2050,3450,electricity,66560
2050,3451,electricity,66815
2050,3452,electricity,68030
2050,3453,electricity,65381
2050,3454,electricity,62967
2050,3455,electricity,63474
2050,3456,electricity,66972
2050,3457,electricity,64225
2050,3458,electricity,58152
2050,3459,electricity,56202
2050,3460,electricity,53034
2050,3461,electricity,51589
2050,3462,electricity,52298
2050,3463,electricity,55901
2050,3464,electricity,62619
2050,3465,electricity,67724
2050,3466,electricity,70407
2050,3467,electricity,71701
2050,3468,electricity,72383
2050,3469,electricity,73138
2050,3470,electricity,73350
2050,3471,electricity,72007
2050,3472,electricity,70102
2050,3473,electricity,67837
2050,3474,electricity,66179
2050,3475,electricity,66190
2050,3476,electricity,66713
2050,3477,electricity,64709
2050,3478,electricity,62533
2050,3479,electricity,62731
2050,3480,electricity,66506
2050,3481,electricity,63364
2050,3482,electricity,56833
2050,3483,electricity,54366
2050,3484,electricity,50576
2050,3485,electricity,48390
2050,3486,electricity,47848
2050,3487,electricity,47971
2050,3488,electricity,49880
2050,3489,electricity,53707
2050,3490,electricity,57828
2050,3491,electricity,60450
2050,3492,electricity,61780
2050,3493,electricity,63809
2050,3494,electricity,64608
2050,3495,electricity,61589
2050,3496,electricity,59329
2050,3497,electricity,57848
2050,3498,electricity,56709
2050,3499,electricity,57318
2050,3500,electricity,58461
2050,3501,electricity,57105
2050,3502,electricity,56035
2050,3503,electricity,57469
2050,3504,electricity,61901
2050,3505,electricity,59924
2050,3506,electricity,53935
2050,3507,electricity,51627
2050,3508,electricity,47826
2050,3509,electricity,45424
2050,3510,electricity,44394
2050,3511,electricity,43369
2050,3512,electricity,44269
2050,3513,electricity,47096
2050,3514,electricity,51197
2050,3515,electricity,54534
2050,3516,electricity,56668
2050,3517,electricity,58804
2050,3518,electricity,59262
2050,3519,electricity,56044
2050,3520,electricity,54093
2050,3521,electricity,52718
2050,3522,electricity,52323
2050,3523,electricity,53861
2050,3524,electricity,56336
2050,3525,electricity,56572
2050,3526,electricity,56487
2050,3527,electricity,57530
2050,3528,electricity,61463
2050,3529,electricity,58998
2050,3530,electricity,53505
2050,3531,electricity,51365
2050,3532,electricity,48300
2050,3533,electricity,47021
2050,3534,electricity,48520
2050,3535,electricity,52297
2050,3536,electricity,59191
2050,3537,electricity,64597
2050,3538,electricity,68151
2050,3539,electricity,70180
2050,3540,electricity,71461
2050,3541,electricity,72547
2050,3542,electricity,72449
2050,3543,electricity,71624
2050,3544,electricity,69800
2050,3545,electricity,67993
2050,3546,electricity,66561
2050,3547,electricity,66490
2050,3548,electricity,68420
2050,3549,electricity,65849
2050,3550,electricity,62565
2050,3551,electricity,62048
2050,3552,electricity,65522
2050,3553,electricity,62520
2050,3554,electricity,56512
2050,3555,electricity,54789
2050,3556,electricity,51866
2050,3557,electricity,50288
2050,3558,electricity,51316
2050,3559,electricity,54518
2050,3560,electricity,61258
2050,3561,electricity,66450
2050,3562,electricity,69323
2050,3563,electricity,70904
2050,3564,electricity,72011
2050,3565,electricity,72649
2050,3566,electricity,72081
2050,3567,electricity,71182
2050,3568,electricity,69839
2050,3569,electricity,68158
2050,3570,electricity,66608
2050,3571,electricity,66508
2050,3572,electricity,68076
2050,3573,electricity,65301
2050,3574,electricity,62902
2050,3575,electricity,62855
2050,3576,electricity,66221
2050,3577,electricity,63083
2050,3578,electricity,57051
2050,3579,electricity,55300
2050,3580,electricity,52310
2050,3581,electricity,50543
2050,3582,electricity,51497
2050,3583,electricity,54913
2050,3584,electricity,61573
2050,3585,electricity,66840
2050,3586,electricity,69975
2050,3587,electricity,71271
2050,3588,electricity,72509
2050,3589,electricity,73719
2050,3590,electricity,73315
2050,3591,electricity,72641
2050,3592,electricity,71180
2050,3593,electricity,69436
2050,3594,electricity,67873
2050,3595,electricity,67983
2050,3596,electricity,69505
2050,3597,electricity,66516
2050,3598,electricity,63649
2050,3599,electricity,63531
2050,3600,electricity,66872
2050,3601,electricity,63852
2050,3602,electricity,57803
2050,3603,electricity,55880
2050,3604,electricity,52734
2050,3605,electricity,51054
2050,3606,electricity,51743
2050,3607,electricity,55247
2050,3608,electricity,62154
2050,3609,electricity,67276
2050,3610,electricity,70131
2050,3611,electricity,71382
2050,3612,electricity,72639
2050,3613,electricity,73143
2050,3614,electricity,73184
2050,3615,electricity,72262
2050,3616,electricity,70759
2050,3617,electricity,68963
2050,3618,electricity,67335
2050,3619,electricity,67523
2050,3620,electricity,68895
2050,3621,electricity,65886
2050,3622,electricity,63040
2050,3623,electricity,63149
2050,3624,electricity,66591
2050,3625,electricity,63518
2050,3626,electricity,57132
2050,3627,electricity,55307
2050,3628,electricity,52280
2050,3629,electricity,50748
2050,3630,electricity,51558
2050,3631,electricity,55044
2050,3632,electricity,61941
2050,3633,electricity,67098
2050,3634,electricity,70053
2050,3635,electricity,71606
2050,3636,electricity,72372
2050,3637,electricity,72976
2050,3638,electricity,72619
2050,3639,electricity,71036
2050,3640,electricity,69174
2050,3641,electricity,67232
2050,3642,electricity,65773
2050,3643,electricity,65711
2050,3644,electricity,66149
2050,3645,electricity,63703
2050,3646,electricity,61356
2050,3647,electricity,62153
2050,3648,electricity,65981
2050,3649,electricity,62749
2050,3650,electricity,56304
2050,3651,electricity,53816
2050,3652,electricity,50296
2050,3653,electricity,48026
2050,3654,electricity,47437
2050,3655,electricity,47257
2050,3656,electricity,49200
2050,3657,electricity,52976
2050,3658,electricity,57128
2050,3659,electricity,59934
2050,3660,electricity,60971
2050,3661,electricity,63032
2050,3662,electricity,63823
2050,3663,electricity,61276
2050,3664,electricity,59305
2050,3665,electricity,57439
2050,3666,electricity,56296
2050,3667,electricity,56898
2050,3668,electricity,57942
2050,3669,electricity,56412
2050,3670,electricity,54818
2050,3671,electricity,56749
2050,3672,electricity,61603
2050,3673,electricity,59279
2050,3674,electricity,53596
2050,3675,electricity,51101
2050,3676,electricity,47341
2050,3677,electricity,45046
2050,3678,electricity,43976
2050,3679,electricity,42954
2050,3680,electricity,43819
2050,3681,electricity,46446
2050,3682,electricity,50362
2050,3683,electricity,53581
2050,3684,electricity,55803
2050,3685,electricity,58377
2050,3686,electricity,59091
2050,3687,electricity,55904
2050,3688,electricity,53743
2050,3689,electricity,52199
2050,3690,electricity,51746
2050,3691,electricity,53387
2050,3692,electricity,56139
2050,3693,electricity,55921
2050,3694,electricity,55431
2050,3695,electricity,56665
2050,3696,electricity,60759
2050,3697,electricity,58546
2050,3698,electricity,52924
2050,3699,electricity,51094
2050,3700,electricity,48129
2050,3701,electricity,46831
2050,3702,electricity,48375
2050,3703,electricity,52337
2050,3704,electricity,59430
2050,3705,electricity,64988
2050,3706,electricity,68455
2050,3707,electricity,70122
2050,3708,electricity,71106
2050,3709,electricity,72446
2050,3710,electricity,72489
2050,3711,electricity,71492
2050,3712,electricity,70075
2050,3713,electricity,68286
2050,3714,electricity,66848
2050,3715,electricity,67082
2050,3716,electricity,68988
2050,3717,electricity,65797
2050,3718,electricity,62532
2050,3719,electricity,62378
2050,3720,electricity,65857
2050,3721,electricity,62670
2050,3722,electricity,56420
2050,3723,electricity,54599
2050,3724,electricity,51954
2050,3725,electricity,50202
2050,3726,electricity,50987
2050,3727,electricity,54583
2050,3728,electricity,61686
2050,3729,electricity,67058
2050,3730,electricity,70073
2050,3731,electricity,71514
2050,3732,electricity,72393
2050,3733,electricity,73381
2050,3734,electricity,73106
2050,3735,electricity,72190
2050,3736,electricity,70675
2050,3737,electricity,69060
2050,3738,electricity,67574
2050,3739,electricity,67678
2050,3740,electricity,68984
2050,3741,electricity,66142
2050,3742,electricity,63018
2050,3743,electricity,62719
2050,3744,electricity,66100
2050,3745,electricity,62794
2050,3746,electricity,56675
2050,3747,electricity,54936
2050,3748,electricity,51966
2050,3749,electricity,50536
2050,3750,electricity,51448
2050,3751,electricity,54661
2050,3752,electricity,61498
2050,3753,electricity,66957
2050,3754,electricity,70222
2050,3755,electricity,71745
2050,3756,electricity,72882
2050,3757,electricity,74200
2050,3758,electricity,73871
2050,3759,electricity,72672
2050,3760,electricity,71241
2050,3761,electricity,69564
2050,3762,electricity,68027
2050,3763,electricity,68172
2050,3764,electricity,69512
2050,3765,electricity,66855
2050,3766,electricity,63347
2050,3767,electricity,63250
2050,3768,electricity,66795
2050,3769,electricity,63705
2050,3770,electricity,57425
2050,3771,electricity,55704
2050,3772,electricity,52547
2050,3773,electricity,50908
2050,3774,electricity,51515
2050,3775,electricity,54773
2050,3776,electricity,61598
2050,3777,electricity,66631
2050,3778,electricity,69512
2050,3779,electricity,71003
2050,3780,electricity,71971
2050,3781,electricity,73149
2050,3782,electricity,72759
2050,3783,electricity,71824
2050,3784,electricity,70266
2050,3785,electricity,68574
2050,3786,electricity,67159
2050,3787,electricity,67108
2050,3788,electricity,68585
2050,3789,electricity,65533
2050,3790,electricity,62651
2050,3791,electricity,62872
2050,3792,electricity,66739
2050,3793,electricity,63709
2050,3794,electricity,57452
2050,3795,electricity,55487
2050,3796,electricity,52412
2050,3797,electricity,50944
2050,3798,electricity,51676
2050,3799,electricity,54717
2050,3800,electricity,61261
2050,3801,electricity,66603
2050,3802,electricity,69554
2050,3803,electricity,71282
2050,3804,electricity,72049
2050,3805,electricity,72958
2050,3806,electricity,72859
2050,3807,electricity,71904
2050,3808,electricity,69967
2050,3809,electricity,67777
2050,3810,electricity,66169
2050,3811,electricity,66035
2050,3812,electricity,66035
2050,3813,electricity,63023
2050,3814,electricity,60818
2050,3815,electricity,61680
2050,3816,electricity,65968
2050,3817,electricity,62621
2050,3818,electricity,56270
2050,3819,electricity,53916
2050,3820,electricity,50381
2050,3821,electricity,48247
2050,3822,electricity,47656
2050,3823,electricity,47760
2050,3824,electricity,49882
2050,3825,electricity,53545
2050,3826,electricity,57824
2050,3827,electricity,60585
2050,3828,electricity,62053
2050,3829,electricity,63995
2050,3830,electricity,64489
2050,3831,electricity,61907
2050,3832,electricity,60155
2050,3833,electricity,58480
2050,3834,electricity,57439
2050,3835,electricity,58041
2050,3836,electricity,58936
2050,3837,electricity,57409
2050,3838,electricity,55867
2050,3839,electricity,57314
2050,3840,electricity,61922
2050,3841,electricity,59490
2050,3842,electricity,53541
2050,3843,electricity,51146
2050,3844,electricity,47655
2050,3845,electricity,45201
2050,3846,electricity,44191
2050,3847,electricity,43184
2050,3848,electricity,44283
2050,3849,electricity,47164
2050,3850,electricity,51075
2050,3851,electricity,54313
2050,3852,electricity,56789
2050,3853,electricity,59560
2050,3854,electricity,60177
2050,3855,electricity,56997
2050,3856,electricity,55097
2050,3857,electricity,53624
2050,3858,electricity,53329
2050,3859,electricity,54533
2050,3860,electricity,57109
2050,3861,electricity,57096
2050,3862,electricity,56464
2050,3863,electricity,57450
2050,3864,electricity,61788
2050,3865,electricity,59164
2050,3866,electricity,53345
2050,3867,electricity,51510
2050,3868,electricity,48522
2050,3869,electricity,47291
2050,3870,electricity,48875
2050,3871,electricity,52735
2050,3872,electricity,60026
2050,3873,electricity,65575
2050,3874,electricity,68985
2050,3875,electricity,70675
2050,3876,electricity,71521
2050,3877,electricity,72895
2050,3878,electricity,72877
2050,3879,electricity,71942
2050,3880,electricity,70412
2050,3881,electricity,68474
2050,3882,electricity,67130
2050,3883,electricity,67504
2050,3884,electricity,69289
2050,3885,electricity,66515
2050,3886,electricity,62883
2050,3887,electricity,62554
2050,3888,electricity,65927
2050,3889,electricity,62757
2050,3890,electricity,56626
2050,3891,electricity,54856
2050,3892,electricity,52106
2050,3893,electricity,50672
2050,3894,electricity,51476
2050,3895,electricity,54535
2050,3896,electricity,61046
2050,3897,electricity,66266
2050,3898,electricity,69462
2050,3899,electricity,71093
2050,3900,electricity,72322
2050,3901,electricity,73068
2050,3902,electricity,72749
2050,3903,electricity,71444
2050,3904,electricity,69857
2050,3905,electricity,68071
2050,3906,electricity,66547
2050,3907,electricity,66270
2050,3908,electricity,67759
2050,3909,electricity,64943
2050,3910,electricity,62019
2050,3911,electricity,62437
2050,3912,electricity,66154
2050,3913,electricity,62882
2050,3914,electricity,56703
2050,3915,electricity,54829
2050,3916,electricity,52084
2050,3917,electricity,50537
2050,3918,electricity,51132
2050,3919,electricity,53875
2050,3920,electricity,60421
2050,3921,electricity,65875
2050,3922,electricity,68986
2050,3923,electricity,70293
2050,3924,electricity,71543
2050,3925,electricity,72733
2050,3926,electricity,72051
2050,3927,electricity,71167
2050,3928,electricity,69355
2050,3929,electricity,67581
2050,3930,electricity,66123
2050,3931,electricity,66179
2050,3932,electricity,67551
2050,3933,electricity,65022
2050,3934,electricity,61831
2050,3935,electricity,62130
2050,3936,electricity,66331
2050,3937,electricity,63465
2050,3938,electricity,57328
2050,3939,electricity,55234
2050,3940,electricity,52356
2050,3941,electricity,50705
2050,3942,electricity,51628
2050,3943,electricity,55132
2050,3944,electricity,61818
2050,3945,electricity,66612
2050,3946,electricity,69320
2050,3947,electricity,70681
2050,3948,electricity,71768
2050,3949,electricity,72733
2050,3950,electricity,72584
2050,3951,electricity,71584
2050,3952,electricity,69900
2050,3953,electricity,68177
2050,3954,electricity,66881
2050,3955,electricity,67081
2050,3956,electricity,68600
2050,3957,electricity,65778
2050,3958,electricity,62433
2050,3959,electricity,62755
2050,3960,electricity,66617
2050,3961,electricity,63636
2050,3962,electricity,57380
2050,3963,electricity,55503
2050,3964,electricity,52312
2050,3965,electricity,50767
2050,3966,electricity,51650
2050,3967,electricity,55060
2050,3968,electricity,62033
2050,3969,electricity,67380
2050,3970,electricity,70094
2050,3971,electricity,71524
2050,3972,electricity,72385
2050,3973,electricity,73350
2050,3974,electricity,72851
2050,3975,electricity,71400
2050,3976,electricity,69272
2050,3977,electricity,67281
2050,3978,electricity,65848
2050,3979,electricity,65805
2050,3980,electricity,65866
2050,3981,electricity,62912
2050,3982,electricity,60123
2050,3983,electricity,61133
2050,3984,electricity,65880
2050,3985,electricity,62487
2050,3986,electricity,56161
2050,3987,electricity,53635
2050,3988,electricity,49863
2050,3989,electricity,47815
2050,3990,electricity,47341
2050,3991,electricity,47455
2050,3992,electricity,49718
2050,3993,electricity,53553
2050,3994,electricity,57852
2050,3995,electricity,60690
2050,3996,electricity,62054
2050,3997,electricity,64030
2050,3998,electricity,64417
2050,3999,electricity,61230
2050,4000,electricity,59334
2050,4001,electricity,57657
2050,4002,electricity,56466
2050,4003,electricity,56993
2050,4004,electricity,57840
2050,4005,electricity,56091
2050,4006,electricity,54358
2050,4007,electricity,56222
2050,4008,electricity,61436
2050,4009,electricity,59212
2050,4010,electricity,53220
2050,4011,electricity,50848
2050,4012,electricity,47202
2050,4013,electricity,44922
2050,4014,electricity,43905
2050,4015,electricity,42966
2050,4016,electricity,43978
2050,4017,electricity,46847
2050,4018,electricity,50774
2050,4019,electricity,54020
2050,4020,electricity,56336
2050,4021,electricity,58655
2050,4022,electricity,59054
2050,4023,electricity,55603
2050,4024,electricity,53543
2050,4025,electricity,52006
2050,4026,electricity,51541
2050,4027,electricity,52944
2050,4028,electricity,55616
2050,4029,electricity,55684
2050,4030,electricity,54585
2050,4031,electricity,56418
2050,4032,electricity,60934
2050,4033,electricity,58471
2050,4034,electricity,52943
2050,4035,electricity,50951
2050,4036,electricity,47936
2050,4037,electricity,46776
2050,4038,electricity,48247
2050,4039,electricity,52199
2050,4040,electricity,59082
2050,4041,electricity,64533
2050,4042,electricity,67893
2050,4043,electricity,69699
2050,4044,electricity,71060
2050,4045,electricity,72206
2050,4046,electricity,71846
2050,4047,electricity,71033
2050,4048,electricity,69594
2050,4049,electricity,67743
2050,4050,electricity,66186
2050,4051,electricity,66197
2050,4052,electricity,68004
2050,4053,electricity,65031
2050,4054,electricity,61319
2050,4055,electricity,61606
2050,4056,electricity,65952
2050,4057,electricity,62909
2050,4058,electricity,56627
2050,4059,electricity,54688
2050,4060,electricity,51699
2050,4061,electricity,50153
2050,4062,electricity,51083
2050,4063,electricity,54516
2050,4064,electricity,61333
2050,4065,electricity,66767
2050,4066,electricity,69907
2050,4067,electricity,71560
2050,4068,electricity,72933
2050,4069,electricity,74039
2050,4070,electricity,73562
2050,4071,electricity,73212
2050,4072,electricity,71858
2050,4073,electricity,70152
2050,4074,electricity,68989
2050,4075,electricity,69092
2050,4076,electricity,70057
2050,4077,electricity,66847
2050,4078,electricity,62837
2050,4079,electricity,63276
2050,4080,electricity,67538
2050,4081,electricity,64144
2050,4082,electricity,57532
2050,4083,electricity,55428
2050,4084,electricity,52323
2050,4085,electricity,50837
2050,4086,electricity,51718
2050,4087,electricity,54645
2050,4088,electricity,61070
2050,4089,electricity,66855
2050,4090,electricity,70722
2050,4091,electricity,72855
2050,4092,electricity,74745
2050,4093,electricity,76262
2050,4094,electricity,76158
2050,4095,electricity,75630
2050,4096,electricity,74249
2050,4097,electricity,72488
2050,4098,electricity,71005
2050,4099,electricity,70677
2050,4100,electricity,71135
2050,4101,electricity,67905
2050,4102,electricity,64245
2050,4103,electricity,64469
2050,4104,electricity,68549
2050,4105,electricity,64972
2050,4106,electricity,58325
2050,4107,electricity,56301
2050,4108,electricity,53028
2050,4109,electricity,51321
2050,4110,electricity,52162
2050,4111,electricity,55494
2050,4112,electricity,62204
2050,4113,electricity,67554
2050,4114,electricity,70639
2050,4115,electricity,72295
2050,4116,electricity,73691
2050,4117,electricity,75002
2050,4118,electricity,74950
2050,4119,electricity,74271
2050,4120,electricity,72602
2050,4121,electricity,71372
2050,4122,electricity,69617
2050,4123,electricity,69189
2050,4124,electricity,69282
2050,4125,electricity,65763
2050,4126,electricity,61790
2050,4127,electricity,62471
2050,4128,electricity,66698
2050,4129,electricity,63399
2050,4130,electricity,57334
2050,4131,electricity,55424
2050,4132,electricity,52457
2050,4133,electricity,50883
2050,4134,electricity,51616
2050,4135,electricity,54617
2050,4136,electricity,60772
2050,4137,electricity,65714
2050,4138,electricity,68807
2050,4139,electricity,70387
2050,4140,electricity,71467
2050,4141,electricity,72189
2050,4142,electricity,71761
2050,4143,electricity,70330
2050,4144,electricity,68813
2050,4145,electricity,66582
2050,4146,electricity,65112
2050,4147,electricity,65348
2050,4148,electricity,65400
2050,4149,electricity,62599
2050,4150,electricity,59620
2050,4151,electricity,60743
2050,4152,electricity,65547
2050,4153,electricity,62051
2050,4154,electricity,55658
2050,4155,electricity,53333
2050,4156,electricity,49757
2050,4157,electricity,47846
2050,4158,electricity,47358
2050,4159,electricity,47079
2050,4160,electricity,49077
2050,4161,electricity,52795
2050,4162,electricity,56982
2050,4163,electricity,59661
2050,4164,electricity,60928
2050,4165,electricity,62850
2050,4166,electricity,63150
2050,4167,electricity,60625
2050,4168,electricity,58923
2050,4169,electricity,57301
2050,4170,electricity,56366
2050,4171,electricity,56855
2050,4172,electricity,57739
2050,4173,electricity,55805
2050,4174,electricity,53825
2050,4175,electricity,55552
2050,4176,electricity,61220
2050,4177,electricity,58865
2050,4178,electricity,52907
2050,4179,electricity,50611
2050,4180,electricity,46924
2050,4181,electricity,44838
2050,4182,electricity,44079
2050,4183,electricity,43048
2050,4184,electricity,44266
2050,4185,electricity,46863
2050,4186,electricity,50636
2050,4187,electricity,53853
2050,4188,electricity,56267
2050,4189,electricity,58524
2050,4190,electricity,59024
2050,4191,electricity,55929
2050,4192,electricity,54346
2050,4193,electricity,52771
2050,4194,electricity,52420
2050,4195,electricity,53730
2050,4196,electricity,56194
2050,4197,electricity,56124
2050,4198,electricity,55226
2050,4199,electricity,56640
2050,4200,electricity,61278
2050,4201,electricity,58508
2050,4202,electricity,52533
2050,4203,electricity,50630
2050,4204,electricity,47803
2050,4205,electricity,46547
2050,4206,electricity,48273
2050,4207,electricity,52089
2050,4208,electricity,58730
2050,4209,electricity,64447
2050,4210,electricity,67672
2050,4211,electricity,69551
2050,4212,electricity,70855
2050,4213,electricity,72471
2050,4214,electricity,72795
2050,4215,electricity,72082
2050,4216,electricity,70792
2050,4217,electricity,69418
2050,4218,electricity,68043
2050,4219,electricity,67995
2050,4220,electricity,69213
2050,4221,electricity,66285
2050,4222,electricity,62350
2050,4223,electricity,62809
2050,4224,electricity,67065
2050,4225,electricity,63187
2050,4226,electricity,56930
2050,4227,electricity,55134
2050,4228,electricity,52033
2050,4229,electricity,50630
2050,4230,electricity,51623
2050,4231,electricity,54662
2050,4232,electricity,60993
2050,4233,electricity,66720
2050,4234,electricity,69939
2050,4235,electricity,71573
2050,4236,electricity,73182
2050,4237,electricity,74428
2050,4238,electricity,74511
2050,4239,electricity,73750
2050,4240,electricity,72644
2050,4241,electricity,71338
2050,4242,electricity,69966
2050,4243,electricity,69511
2050,4244,electricity,70277
2050,4245,electricity,67129
2050,4246,electricity,63364
2050,4247,electricity,63342
2050,4248,electricity,67690
2050,4249,electricity,63832
2050,4250,electricity,57399
2050,4251,electricity,55486
2050,4252,electricity,52453
2050,4253,electricity,50992
2050,4254,electricity,52082
2050,4255,electricity,54652
2050,4256,electricity,60680
2050,4257,electricity,66236
2050,4258,electricity,70088
2050,4259,electricity,72265
2050,4260,electricity,73906
2050,4261,electricity,75356
2050,4262,electricity,75310
2050,4263,electricity,74716
2050,4264,electricity,73323
2050,4265,electricity,71904
2050,4266,electricity,70382
2050,4267,electricity,69921
2050,4268,electricity,70780
2050,4269,electricity,67749
2050,4270,electricity,64073
2050,4271,electricity,64478
2050,4272,electricity,68742
2050,4273,electricity,64919
2050,4274,electricity,58435
2050,4275,electricity,56510
2050,4276,electricity,53240
2050,4277,electricity,51672
2050,4278,electricity,52657
2050,4279,electricity,55575
2050,4280,electricity,61773
2050,4281,electricity,67098
2050,4282,electricity,70308
2050,4283,electricity,72469
2050,4284,electricity,73612
2050,4285,electricity,74810
2050,4286,electricity,74687
2050,4287,electricity,74007
2050,4288,electricity,72646
2050,4289,electricity,71138
2050,4290,electricity,69719
2050,4291,electricity,69503
2050,4292,electricity,70127
2050,4293,electricity,67246
2050,4294,electricity,63545
2050,4295,electricity,64068
2050,4296,electricity,68123
2050,4297,electricity,64488
2050,4298,electricity,57884
2050,4299,electricity,56223
2050,4300,electricity,53172
2050,4301,electricity,51828
2050,4302,electricity,52678
2050,4303,electricity,55842
2050,4304,electricity,61930
2050,4305,electricity,67375
2050,4306,electricity,70606
2050,4307,electricity,72498
2050,4308,electricity,73985
2050,4309,electricity,75113
2050,4310,electricity,74892
2050,4311,electricity,73909
2050,4312,electricity,72551
2050,4313,electricity,70624
2050,4314,electricity,69241
2050,4315,electricity,69192
2050,4316,electricity,68698
2050,4317,electricity,65746
2050,4318,electricity,62770
2050,4319,electricity,63954
2050,4320,electricity,68315
2050,4321,electricity,64370
2050,4322,electricity,57623
2050,4323,electricity,55072
2050,4324,electricity,51502
2050,4325,electricity,49500
2050,4326,electricity,49063
2050,4327,electricity,48954
2050,4328,electricity,51180
2050,4329,electricity,55312
2050,4330,electricity,59958
2050,4331,electricity,62761
2050,4332,electricity,64498
2050,4333,electricity,66608
2050,4334,electricity,67298
2050,4335,electricity,65263
2050,4336,electricity,63977
2050,4337,electricity,62783
2050,4338,electricity,61994
2050,4339,electricity,61975
2050,4340,electricity,62714
2050,4341,electricity,60872
2050,4342,electricity,58212
2050,4343,electricity,59520
2050,4344,electricity,64568
2050,4345,electricity,61416
2050,4346,electricity,55177
2050,4347,electricity,52612
2050,4348,electricity,48939
2050,4349,electricity,46949
2050,4350,electricity,46053
2050,4351,electricity,44998
2050,4352,electricity,46024
2050,4353,electricity,49119
2050,4354,electricity,53217
2050,4355,electricity,56738
2050,4356,electricity,59268
2050,4357,electricity,61552
2050,4358,electricity,62310
2050,4359,electricity,59901
2050,4360,electricity,58511
2050,4361,electricity,57249
2050,4362,electricity,57072
2050,4363,electricity,58002
2050,4364,electricity,59836
2050,4365,electricity,59557
2050,4366,electricity,58608
2050,4367,electricity,59926
2050,4368,electricity,64166
2050,4369,electricity,60201
2050,4370,electricity,53930
2050,4371,electricity,51933
2050,4372,electricity,48947
2050,4373,electricity,47861
2050,4374,electricity,49720
2050,4375,electricity,53395
2050,4376,electricity,59761
2050,4377,electricity,65777
2050,4378,electricity,70183
2050,4379,electricity,72642
2050,4380,electricity,74294
2050,4381,electricity,75973
2050,4382,electricity,76224
2050,4383,electricity,75770
2050,4384,electricity,74542
2050,4385,electricity,73140
2050,4386,electricity,71904
2050,4387,electricity,71541
2050,4388,electricity,72335
2050,4389,electricity,69301
2050,4390,electricity,65297
2050,4391,electricity,65413
2050,4392,electricity,69203
2050,4393,electricity,64757
2050,4394,electricity,58296
2050,4395,electricity,56556
2050,4396,electricity,53494
2050,4397,electricity,52311
2050,4398,electricity,53436
2050,4399,electricity,56355
2050,4400,electricity,62470
2050,4401,electricity,68125
2050,4402,electricity,71945
2050,4403,electricity,74082
2050,4404,electricity,75915
2050,4405,electricity,77471
2050,4406,electricity,77469
2050,4407,electricity,77021
2050,4408,electricity,75974
2050,4409,electricity,74413
2050,4410,electricity,72825
2050,4411,electricity,72329
2050,4412,electricity,72491
2050,4413,electricity,69090
2050,4414,electricity,65237
2050,4415,electricity,65607
2050,4416,electricity,69591
2050,4417,electricity,65145
2050,4418,electricity,58581
2050,4419,electricity,56794
2050,4420,electricity,53773
2050,4421,electricity,52601
2050,4422,electricity,53373
2050,4423,electricity,56437
2050,4424,electricity,62188
2050,4425,electricity,67836
2050,4426,electricity,71961
2050,4427,electricity,74361
2050,4428,electricity,76330
2050,4429,electricity,77577
2050,4430,electricity,77578
2050,4431,electricity,77165
2050,4432,electricity,75846
2050,4433,electricity,74248
2050,4434,electricity,72525
2050,4435,electricity,71958
2050,4436,electricity,72011
2050,4437,electricity,68738
2050,4438,electricity,64847
2050,4439,electricity,64869
2050,4440,electricity,68444
2050,4441,electricity,64400
2050,4442,electricity,58007
2050,4443,electricity,56155
2050,4444,electricity,53166
2050,4445,electricity,51670
2050,4446,electricity,52876
2050,4447,electricity,55911
2050,4448,electricity,61886
2050,4449,electricity,67192
2050,4450,electricity,70636
2050,4451,electricity,72655
2050,4452,electricity,74281
2050,4453,electricity,75304
2050,4454,electricity,75556
2050,4455,electricity,74668
2050,4456,electricity,73502
2050,4457,electricity,71621
2050,4458,electricity,70183
2050,4459,electricity,69898
2050,4460,electricity,70504
2050,4461,electricity,67485
2050,4462,electricity,63767
2050,4463,electricity,64202
2050,4464,electricity,68058
2050,4465,electricity,64040
2050,4466,electricity,57692
2050,4467,electricity,55898
2050,4468,electricity,52935
2050,4469,electricity,51724
2050,4470,electricity,52810
2050,4471,electricity,55772
2050,4472,electricity,61469
2050,4473,electricity,66956
2050,4474,electricity,70515
2050,4475,electricity,72511
2050,4476,electricity,73905
2050,4477,electricity,75072
2050,4478,electricity,74870
2050,4479,electricity,73486
2050,4480,electricity,72247
2050,4481,electricity,70108
2050,4482,electricity,68748
2050,4483,electricity,68287
2050,4484,electricity,68254
2050,4485,electricity,65234
2050,4486,electricity,61989
2050,4487,electricity,62999
2050,4488,electricity,67457
2050,4489,electricity,63349
2050,4490,electricity,56830
2050,4491,electricity,54356
2050,4492,electricity,50884
2050,4493,electricity,49089
2050,4494,electricity,48583
2050,4495,electricity,48596
2050,4496,electricity,50504
2050,4497,electricity,54309
2050,4498,electricity,58870
2050,4499,electricity,62140
2050,4500,electricity,63942
2050,4501,electricity,65972
2050,4502,electricity,66520
2050,4503,electricity,64573
2050,4504,electricity,63198
2050,4505,electricity,61489
2050,4506,electricity,60777
2050,4507,electricity,61454
2050,4508,electricity,61769
2050,4509,electricity,59706
2050,4510,electricity,57327
2050,4511,electricity,58821
2050,4512,electricity,63836
2050,4513,electricity,60758
2050,4514,electricity,54501
2050,4515,electricity,52329
2050,4516,electricity,48870
2050,4517,electricity,46771
2050,4518,electricity,46024
2050,4519,electricity,44927
2050,4520,electricity,45941
2050,4521,electricity,48829
2050,4522,electricity,52927
2050,4523,electricity,56375
2050,4524,electricity,58701
2050,4525,electricity,61112
2050,4526,electricity,61755
2050,4527,electricity,59103
2050,4528,electricity,57703
2050,4529,electricity,56355
2050,4530,electricity,56132
2050,4531,electricity,57278
2050,4532,electricity,58997
2050,4533,electricity,59002
2050,4534,electricity,58126
2050,4535,electricity,59793
2050,4536,electricity,63902
2050,4537,electricity,60227
2050,4538,electricity,54097
2050,4539,electricity,52149
2050,4540,electricity,49406
2050,4541,electricity,48300
2050,4542,electricity,50096
2050,4543,electricity,53658
2050,4544,electricity,59365
2050,4545,electricity,65189
2050,4546,electricity,69682
2050,4547,electricity,72331
2050,4548,electricity,74299
2050,4549,electricity,75928
2050,4550,electricity,76271
2050,4551,electricity,75985
2050,4552,electricity,74834
2050,4553,electricity,73180
2050,4554,electricity,71461
2050,4555,electricity,71027
2050,4556,electricity,71474
2050,4557,electricity,68991
2050,4558,electricity,65195
2050,4559,electricity,65684
2050,4560,electricity,69120
2050,4561,electricity,64726
2050,4562,electricity,58273
2050,4563,electricity,56635
2050,4564,electricity,53760
2050,4565,electricity,52398
2050,4566,electricity,53597
2050,4567,electricity,56468
2050,4568,electricity,61651
2050,4569,electricity,67176
2050,4570,electricity,71072
2050,4571,electricity,73278
2050,4572,electricity,75126
2050,4573,electricity,76475
2050,4574,electricity,76677
2050,4575,electricity,76114
2050,4576,electricity,75116
2050,4577,electricity,73371
2050,4578,electricity,71677
2050,4579,electricity,71341
2050,4580,electricity,71568
2050,4581,electricity,67501
2050,4582,electricity,63392
2050,4583,electricity,63934
2050,4584,electricity,68945
2050,4585,electricity,64701
2050,4586,electricity,58280
2050,4587,electricity,56513
2050,4588,electricity,53665
2050,4589,electricity,52210
2050,4590,electricity,53276
2050,4591,electricity,55814
2050,4592,electricity,60820
2050,4593,electricity,66434
2050,4594,electricity,70146
2050,4595,electricity,72300
2050,4596,electricity,73842
2050,4597,electricity,75196
2050,4598,electricity,75109
2050,4599,electricity,74297
2050,4600,electricity,73221
2050,4601,electricity,71616
2050,4602,electricity,69999
2050,4603,electricity,69960
2050,4604,electricity,70636
2050,4605,electricity,68093
2050,4606,electricity,64350
2050,4607,electricity,65124
2050,4608,electricity,68967
2050,4609,electricity,64703
2050,4610,electricity,58192
2050,4611,electricity,56573
2050,4612,electricity,53641
2050,4613,electricity,52330
2050,4614,electricity,53506
2050,4615,electricity,56314
2050,4616,electricity,61389
2050,4617,electricity,66638
2050,4618,electricity,70447
2050,4619,electricity,72504
2050,4620,electricity,74325
2050,4621,electricity,75696
2050,4622,electricity,75739
2050,4623,electricity,75315
2050,4624,electricity,74084
2050,4625,electricity,72648
2050,4626,electricity,70891
2050,4627,electricity,70555
2050,4628,electricity,70941
2050,4629,electricity,68088
2050,4630,electricity,64526
2050,4631,electricity,65264
2050,4632,electricity,69014
2050,4633,electricity,65194
2050,4634,electricity,58640
2050,4635,electricity,56918
2050,4636,electricity,54005
2050,4637,electricity,52547
2050,4638,electricity,53715
2050,4639,electricity,56361
2050,4640,electricity,61259
2050,4641,electricity,66812
2050,4642,electricity,70789
2050,4643,electricity,73017
2050,4644,electricity,74780
2050,4645,electricity,76083
2050,4646,electricity,76479
2050,4647,electricity,75455
2050,4648,electricity,73916
2050,4649,electricity,72212
2050,4650,electricity,70420
2050,4651,electricity,70211
2050,4652,electricity,69655
2050,4653,electricity,66481
2050,4654,electricity,63109
2050,4655,electricity,63912
2050,4656,electricity,67356
2050,4657,electricity,63775
2050,4658,electricity,57491
2050,4659,electricity,54976
2050,4660,electricity,51345
2050,4661,electricity,49179
2050,4662,electricity,48632
2050,4663,electricity,48027
2050,4664,electricity,49029
2050,4665,electricity,52145
2050,4666,electricity,56280
2050,4667,electricity,59521
2050,4668,electricity,61805
2050,4669,electricity,64340
2050,4670,electricity,65242
2050,4671,electricity,63144
2050,4672,electricity,61666
2050,4673,electricity,60384
2050,4674,electricity,59696
2050,4675,electricity,60177
2050,4676,electricity,60684
2050,4677,electricity,59237
2050,4678,electricity,57219
2050,4679,electricity,58610
2050,4680,electricity,62822
2050,4681,electricity,60183
2050,4682,electricity,54386
2050,4683,electricity,52123
2050,4684,electricity,48703
2050,4685,electricity,46658
2050,4686,electricity,46093
2050,4687,electricity,45336
2050,4688,electricity,45827
2050,4689,electricity,48349
2050,4690,electricity,52426
2050,4691,electricity,56102
2050,4692,electricity,58815
2050,4693,electricity,61595
2050,4694,electricity,62436
2050,4695,electricity,59961
2050,4696,electricity,58504
2050,4697,electricity,57245
2050,4698,electricity,55586
2050,4699,electricity,55705
2050,4700,electricity,55597
2050,4701,electricity,56453
2050,4702,electricity,56604
2050,4703,electricity,59166
2050,4704,electricity,63253
2050,4705,electricity,59702
2050,4706,electricity,53627
2050,4707,electricity,51679
2050,4708,electricity,49125
2050,4709,electricity,48218
2050,4710,electricity,49855
2050,4711,electricity,52940
2050,4712,electricity,57959
2050,4713,electricity,63453
2050,4714,electricity,67867
2050,4715,electricity,70469
2050,4716,electricity,72434
2050,4717,electricity,73903
2050,4718,electricity,74130
2050,4719,electricity,73817
2050,4720,electricity,72508
2050,4721,electricity,71139
2050,4722,electricity,69486
2050,4723,electricity,69209
2050,4724,electricity,69179
2050,4725,electricity,66735
2050,4726,electricity,63488
2050,4727,electricity,64360
2050,4728,electricity,67573
2050,4729,electricity,63351
2050,4730,electricity,57300
2050,4731,electricity,55589
2050,4732,electricity,52793
2050,4733,electricity,51749
2050,4734,electricity,52984
2050,4735,electricity,55639
2050,4736,electricity,60209
2050,4737,electricity,65776
2050,4738,electricity,69650
2050,4739,electricity,72116
2050,4740,electricity,73851
2050,4741,electricity,75296
2050,4742,electricity,75235
2050,4743,electricity,74852
2050,4744,electricity,73962
2050,4745,electricity,72312
2050,4746,electricity,70969
2050,4747,electricity,70306
2050,4748,electricity,70869
2050,4749,electricity,68050
2050,4750,electricity,64371
2050,4751,electricity,65327
2050,4752,electricity,68578
2050,4753,electricity,64551
2050,4754,electricity,58105
2050,4755,electricity,56399
2050,4756,electricity,53541
2050,4757,electricity,52241
2050,4758,electricity,53415
2050,4759,electricity,56101
2050,4760,electricity,60723
2050,4761,electricity,65897
2050,4762,electricity,69920
2050,4763,electricity,72734
2050,4764,electricity,74667
2050,4765,electricity,76258
2050,4766,electricity,76259
2050,4767,electricity,75826
2050,4768,electricity,74460
2050,4769,electricity,73152
2050,4770,electricity,71549
2050,4771,electricity,71162
2050,4772,electricity,71479
2050,4773,electricity,68343
2050,4774,electricity,64663
2050,4775,electricity,65681
2050,4776,electricity,69006
2050,4777,electricity,64986
2050,4778,electricity,58561
2050,4779,electricity,56752
2050,4780,electricity,53542
2050,4781,electricity,52380
2050,4782,electricity,53514
2050,4783,electricity,56108
2050,4784,electricity,60987
2050,4785,electricity,66104
2050,4786,electricity,70321
2050,4787,electricity,73014
2050,4788,electricity,75499
2050,4789,electricity,76787
2050,4790,electricity,77069
2050,4791,electricity,76782
2050,4792,electricity,75499
2050,4793,electricity,73786
2050,4794,electricity,72151
2050,4795,electricity,71712
2050,4796,electricity,71885
2050,4797,electricity,68780
2050,4798,electricity,65167
2050,4799,electricity,65885
2050,4800,electricity,68920
2050,4801,electricity,64673
2050,4802,electricity,58427
2050,4803,electricity,56841
2050,4804,electricity,54019
2050,4805,electricity,52508
2050,4806,electricity,53533
2050,4807,electricity,56106
2050,4808,electricity,60719
2050,4809,electricity,65871
2050,4810,electricity,69852
2050,4811,electricity,72465
2050,4812,electricity,73953
2050,4813,electricity,75214
2050,4814,electricity,75051
2050,4815,electricity,73909
2050,4816,electricity,72698
2050,4817,electricity,70740
2050,4818,electricity,68865
2050,4819,electricity,68738
2050,4820,electricity,68417
2050,4821,electricity,65405
2050,4822,electricity,62059
2050,4823,electricity,63115
2050,4824,electricity,66274
2050,4825,electricity,62289
2050,4826,electricity,56185
2050,4827,electricity,54110
2050,4828,electricity,50658
2050,4829,electricity,48831
2050,4830,electricity,48686
2050,4831,electricity,48850
2050,4832,electricity,50118
2050,4833,electricity,53407
2050,4834,electricity,57345
2050,4835,electricity,60395
2050,4836,electricity,61957
2050,4837,electricity,64019
2050,4838,electricity,64582
2050,4839,electricity,62275
2050,4840,electricity,60883
2050,4841,electricity,59182
2050,4842,electricity,58378
2050,4843,electricity,59001
2050,4844,electricity,59599
2050,4845,electricity,57896
2050,4846,electricity,55803
2050,4847,electricity,57916
2050,4848,electricity,61855
2050,4849,electricity,58927
2050,4850,electricity,53216
2050,4851,electricity,51167
2050,4852,electricity,48060
2050,4853,electricity,46071
2050,4854,electricity,45715
2050,4855,electricity,44946
2050,4856,electricity,45448
2050,4857,electricity,47913
2050,4858,electricity,51666
2050,4859,electricity,54922
2050,4860,electricity,57309
2050,4861,electricity,59562
2050,4862,electricity,60019
2050,4863,electricity,57179
2050,4864,electricity,55716
2050,4865,electricity,54329
2050,4866,electricity,53974
2050,4867,electricity,54924
2050,4868,electricity,56906
2050,4869,electricity,57020
2050,4870,electricity,56333
2050,4871,electricity,58361
2050,4872,electricity,62263
2050,4873,electricity,58651
2050,4874,electricity,52913
2050,4875,electricity,51291
2050,4876,electricity,48520
2050,4877,electricity,47591
2050,4878,electricity,49450
2050,4879,electricity,53021
2050,4880,electricity,57632
2050,4881,electricity,63099
2050,4882,electricity,67751
2050,4883,electricity,70783
2050,4884,electricity,72658
2050,4885,electricity,74337
2050,4886,electricity,74877
2050,4887,electricity,74659
2050,4888,electricity,73497
2050,4889,electricity,71909
2050,4890,electricity,70203
2050,4891,electricity,70051
2050,4892,electricity,70524
2050,4893,electricity,67990
2050,4894,electricity,64700
2050,4895,electricity,65729
2050,4896,electricity,68697
2050,4897,electricity,64470
2050,4898,electricity,58081
2050,4899,electricity,56125
2050,4900,electricity,53208
2050,4901,electricity,51806
2050,4902,electricity,52955
2050,4903,electricity,55822
2050,4904,electricity,60132
2050,4905,electricity,65556
2050,4906,electricity,69811
2050,4907,electricity,72471
2050,4908,electricity,74722
2050,4909,electricity,76595
2050,4910,electricity,76824
2050,4911,electricity,76591
2050,4912,electricity,75545
2050,4913,electricity,73758
2050,4914,electricity,72191
2050,4915,electricity,71736
2050,4916,electricity,71863
2050,4917,electricity,68785
2050,4918,electricity,65424
2050,4919,electricity,66517
2050,4920,electricity,69415
2050,4921,electricity,65048
2050,4922,electricity,58724
2050,4923,electricity,56932
2050,4924,electricity,53966
2050,4925,electricity,52896
2050,4926,electricity,53989
2050,4927,electricity,56804
2050,4928,electricity,60846
2050,4929,electricity,66053
2050,4930,electricity,70515
2050,4931,electricity,73655
2050,4932,electricity,75676
2050,4933,electricity,77485
2050,4934,electricity,77653
2050,4935,electricity,77271
2050,4936,electricity,76392
2050,4937,electricity,74870
2050,4938,electricity,73578
2050,4939,electricity,72936
2050,4940,electricity,72863
2050,4941,electricity,69801
2050,4942,electricity,66540
2050,4943,electricity,67512
2050,4944,electricity,70387
2050,4945,electricity,65920
2050,4946,electricity,59752
2050,4947,electricity,57930
2050,4948,electricity,54958
2050,4949,electricity,53542
2050,4950,electricity,54468
2050,4951,electricity,57290
2050,4952,electricity,61319
2050,4953,electricity,66599
2050,4954,electricity,70983
2050,4955,electricity,74214
2050,4956,electricity,76606
2050,4957,electricity,78137
2050,4958,electricity,78350
2050,4959,electricity,78053
2050,4960,electricity,76918
2050,4961,electricity,75503
2050,4962,electricity,74115
2050,4963,electricity,73254
2050,4964,electricity,73063
2050,4965,electricity,69995
2050,4966,electricity,66752
2050,4967,electricity,67739
2050,4968,electricity,70407
2050,4969,electricity,65856
2050,4970,electricity,59516
2050,4971,electricity,57727
2050,4972,electricity,54742
2050,4973,electricity,53262
2050,4974,electricity,54347
2050,4975,electricity,57205
2050,4976,electricity,61347
2050,4977,electricity,66318
2050,4978,electricity,70902
2050,4979,electricity,73949
2050,4980,electricity,75745
2050,4981,electricity,76960
2050,4982,electricity,76882
2050,4983,electricity,76015
2050,4984,electricity,74792
2050,4985,electricity,72906
2050,4986,electricity,71074
2050,4987,electricity,70051
2050,4988,electricity,69027
2050,4989,electricity,66016
2050,4990,electricity,63381
2050,4991,electricity,64634
2050,4992,electricity,67383
2050,4993,electricity,63351
2050,4994,electricity,57038
2050,4995,electricity,54766
2050,4996,electricity,51575
2050,4997,electricity,49739
2050,4998,electricity,49515
2050,4999,electricity,49989
2050,5000,electricity,50650
2050,5001,electricity,53634
2050,5002,electricity,57644
2050,5003,electricity,60551
2050,5004,electricity,62241
2050,5005,electricity,64023
2050,5006,electricity,64362
2050,5007,electricity,62460
2050,5008,electricity,61118
2050,5009,electricity,59705
2050,5010,electricity,59074
2050,5011,electricity,59566
2050,5012,electricity,59570
2050,5013,electricity,58104
2050,5014,electricity,56448
2050,5015,electricity,58376
2050,5016,electricity,61894
2050,5017,electricity,58508
2050,5018,electricity,53020
2050,5019,electricity,51087
2050,5020,electricity,47909
2050,5021,electricity,46229
2050,5022,electricity,45887
2050,5023,electricity,45636
2050,5024,electricity,45687
2050,5025,electricity,48215
2050,5026,electricity,51793
2050,5027,electricity,54833
2050,5028,electricity,57285
2050,5029,electricity,59671
2050,5030,electricity,60362
2050,5031,electricity,58014
2050,5032,electricity,56587
2050,5033,electricity,55358
2050,5034,electricity,55058
2050,5035,electricity,55904
2050,5036,electricity,57719
2050,5037,electricity,57690
2050,5038,electricity,57139
2050,5039,electricity,59305
2050,5040,electricity,62365
2050,5041,electricity,58718
2050,5042,electricity,53073
2050,5043,electricity,51355
2050,5044,electricity,48672
2050,5045,electricity,47695
2050,5046,electricity,49170
2050,5047,electricity,52212
2050,5048,electricity,55998
2050,5049,electricity,61078
2050,5050,electricity,65592
2050,5051,electricity,68499
2050,5052,electricity,70673
2050,5053,electricity,72623
2050,5054,electricity,73010
2050,5055,electricity,72463
2050,5056,electricity,71294
2050,5057,electricity,69878
2050,5058,electricity,68427
2050,5059,electricity,68069
2050,5060,electricity,68583
2050,5061,electricity,66359
2050,5062,electricity,63497
2050,5063,electricity,64691
2050,5064,electricity,67287
2050,5065,electricity,63125
2050,5066,electricity,57005
2050,5067,electricity,55368
2050,5068,electricity,52406
2050,5069,electricity,51057
2050,5070,electricity,52133
2050,5071,electricity,54718
2050,5072,electricity,58373
2050,5073,electricity,63336
2050,5074,electricity,67877
2050,5075,electricity,70718
2050,5076,electricity,72508
2050,5077,electricity,74383
2050,5078,electricity,74561
2050,5079,electricity,73753
2050,5080,electricity,72651
2050,5081,electricity,71200
2050,5082,electricity,69728
2050,5083,electricity,69147
2050,5084,electricity,69309
2050,5085,electricity,66743
2050,5086,electricity,64034
2050,5087,electricity,65223
2050,5088,electricity,67602
2050,5089,electricity,63314
2050,5090,electricity,57294
2050,5091,electricity,55534
2050,5092,electricity,52552
2050,5093,electricity,51219
2050,5094,electricity,52128
2050,5095,electricity,54650
2050,5096,electricity,58172
2050,5097,electricity,63178
2050,5098,electricity,67395
2050,5099,electricity,70240
2050,5100,electricity,72456
2050,5101,electricity,74215
2050,5102,electricity,74628
2050,5103,electricity,74004
2050,5104,electricity,72735
2050,5105,electricity,71341
2050,5106,electricity,70162
2050,5107,electricity,69831
2050,5108,electricity,69818
2050,5109,electricity,67190
2050,5110,electricity,64495
2050,5111,electricity,65733
2050,5112,electricity,68026
2050,5113,electricity,63703
2050,5114,electricity,57520
2050,5115,electricity,55660
2050,5116,electricity,52603
2050,5117,electricity,51161
2050,5118,electricity,52192
2050,5119,electricity,54891
2050,5120,electricity,58245
2050,5121,electricity,63077
2050,5122,electricity,67494
2050,5123,electricity,70478
2050,5124,electricity,72780
2050,5125,electricity,74784
2050,5126,electricity,75382
2050,5127,electricity,74793
2050,5128,electricity,73785
2050,5129,electricity,72407
2050,5130,electricity,71185
2050,5131,electricity,70813
2050,5132,electricity,70608
2050,5133,electricity,67738
2050,5134,electricity,65143
2050,5135,electricity,66280
2050,5136,electricity,68562
2050,5137,electricity,64327
2050,5138,electricity,58010
2050,5139,electricity,56143
2050,5140,electricity,53017
2050,5141,electricity,51683
2050,5142,electricity,52692
2050,5143,electricity,55239
2050,5144,electricity,58487
2050,5145,electricity,63347
2050,5146,electricity,67917
2050,5147,electricity,71137
2050,5148,electricity,73318
2050,5149,electricity,74923
2050,5150,electricity,75285
2050,5151,electricity,74375
2050,5152,electricity,73089
2050,5153,electricity,71267
2050,5154,electricity,69778
2050,5155,electricity,69512
2050,5156,electricity,68788
2050,5157,electricity,65732
2050,5158,electricity,63710
2050,5159,electricity,64923
2050,5160,electricity,67141
2050,5161,electricity,62836
2050,5162,electricity,56715
2050,5163,electricity,54640
2050,5164,electricity,51357
2050,5165,electricity,49508
2050,5166,electricity,49203
2050,5167,electricity,49643
2050,5168,electricity,50189
2050,5169,electricity,53538
2050,5170,electricity,57806
2050,5171,electricity,61099
2050,5172,electricity,63298
2050,5173,electricity,65831
2050,5174,electricity,66889
2050,5175,electricity,65315
2050,5176,electricity,64226
2050,5177,electricity,62995
2050,5178,electricity,62229
2050,5179,electricity,62323
2050,5180,electricity,62521
2050,5181,electricity,60719
2050,5182,electricity,59289
2050,5183,electricity,61108
2050,5184,electricity,63729
2050,5185,electricity,59921
2050,5186,electricity,54349
2050,5187,electricity,52387
2050,5188,electricity,49144
2050,5189,electricity,47411
2050,5190,electricity,46796
2050,5191,electricity,46496
2050,5192,electricity,46265
2050,5193,electricity,48755
2050,5194,electricity,52396
2050,5195,electricity,55491
2050,5196,electricity,57949
2050,5197,electricity,60457
2050,5198,electricity,61441
2050,5199,electricity,59363
2050,5200,electricity,58359
2050,5201,electricity,57228
2050,5202,electricity,57020
2050,5203,electricity,57935
2050,5204,electricity,59177
2050,5205,electricity,58816
2050,5206,electricity,58422
2050,5207,electricity,60307
2050,5208,electricity,62472
2050,5209,electricity,58503
2050,5210,electricity,52940
2050,5211,electricity,51276
2050,5212,electricity,48578
2050,5213,electricity,47517
2050,5214,electricity,48565
2050,5215,electricity,51322
2050,5216,electricity,53954
2050,5217,electricity,58711
2050,5218,electricity,63291
2050,5219,electricity,66714
2050,5220,electricity,68974
2050,5221,electricity,71536
2050,5222,electricity,72414
2050,5223,electricity,71821
2050,5224,electricity,70634
2050,5225,electricity,69240
2050,5226,electricity,67914
2050,5227,electricity,67524
2050,5228,electricity,67696
2050,5229,electricity,65284
2050,5230,electricity,63127
2050,5231,electricity,63922
2050,5232,electricity,65838
2050,5233,electricity,61528
2050,5234,electricity,55650
2050,5235,electricity,53903
2050,5236,electricity,51063
2050,5237,electricity,49958
2050,5238,electricity,50692
2050,5239,electricity,53158
2050,5240,electricity,55618
2050,5241,electricity,60192
2050,5242,electricity,64463
2050,5243,electricity,67613
2050,5244,electricity,69737
2050,5245,electricity,71962
2050,5246,electricity,72705
2050,5247,electricity,71610
2050,5248,electricity,70446
2050,5249,electricity,68760
2050,5250,electricity,67628
2050,5251,electricity,67098
2050,5252,electricity,67013
2050,5253,electricity,64390
2050,5254,electricity,62226
2050,5255,electricity,62582
2050,5256,electricity,64530
2050,5257,electricity,60442
2050,5258,electricity,54786
2050,5259,electricity,53263
2050,5260,electricity,50461
2050,5261,electricity,49188
2050,5262,electricity,49945
2050,5263,electricity,52454
2050,5264,electricity,55040
2050,5265,electricity,59227
2050,5266,electricity,63109
2050,5267,electricity,65621
2050,5268,electricity,67197
2050,5269,electricity,68922
2050,5270,electricity,69072
2050,5271,electricity,68079
2050,5272,electricity,67202
2050,5273,electricity,65900
2050,5274,electricity,64829
2050,5275,electricity,64727
2050,5276,electricity,65058
2050,5277,electricity,62540
2050,5278,electricity,60691
2050,5279,electricity,61557
2050,5280,electricity,63612
2050,5281,electricity,59699
2050,5282,electricity,54026
2050,5283,electricity,52428
2050,5284,electricity,49524
2050,5285,electricity,48318
2050,5286,electricity,49401
2050,5287,electricity,51948
2050,5288,electricity,54509
2050,5289,electricity,58848
2050,5290,electricity,62557
2050,5291,electricity,65128
2050,5292,electricity,66454
2050,5293,electricity,67517
2050,5294,electricity,67114
2050,5295,electricity,65371
2050,5296,electricity,63931
2050,5297,electricity,62032
2050,5298,electricity,61095
2050,5299,electricity,60853
2050,5300,electricity,61617
2050,5301,electricity,59617
2050,5302,electricity,57856
2050,5303,electricity,58453
2050,5304,electricity,60710
2050,5305,electricity,57047
2050,5306,electricity,51461
2050,5307,electricity,49897
2050,5308,electricity,47203
2050,5309,electricity,45975
2050,5310,electricity,46950
2050,5311,electricity,49724
2050,5312,electricity,52296
2050,5313,electricity,56318
2050,5314,electricity,60073
2050,5315,electricity,62478
2050,5316,electricity,63954
2050,5317,electricity,65598
2050,5318,electricity,65616
2050,5319,electricity,64089
2050,5320,electricity,62759
2050,5321,electricity,61279
2050,5322,electricity,60223
2050,5323,electricity,60469
2050,5324,electricity,60860
2050,5325,electricity,58766
2050,5326,electricity,57521
2050,5327,electricity,58620
2050,5328,electricity,61082
2050,5329,electricity,57329
2050,5330,electricity,51536
2050,5331,electricity,49666
2050,5332,electricity,46529
2050,5333,electricity,44856
2050,5334,electricity,44835
2050,5335,electricity,45684
2050,5336,electricity,45856
2050,5337,electricity,48706
2050,5338,electricity,52697
2050,5339,electricity,55558
2050,5340,electricity,57245
2050,5341,electricity,59257
2050,5342,electricity,59996
2050,5343,electricity,58137
2050,5344,electricity,56819
2050,5345,electricity,55421
2050,5346,electricity,54691
2050,5347,electricity,55376
2050,5348,electricity,56198
2050,5349,electricity,54728
2050,5350,electricity,54118
2050,5351,electricity,55660
2050,5352,electricity,58555
2050,5353,electricity,55399
2050,5354,electricity,49259
2050,5355,electricity,47417
2050,5356,electricity,44365
2050,5357,electricity,42671
2050,5358,electricity,42284
2050,5359,electricity,42507
2050,5360,electricity,42071
2050,5361,electricity,44487
2050,5362,electricity,48032
2050,5363,electricity,51088
2050,5364,electricity,53391
2050,5365,electricity,55704
2050,5366,electricity,56392
2050,5367,electricity,53994
2050,5368,electricity,52672
2050,5369,electricity,51480
2050,5370,electricity,51033
2050,5371,electricity,52281
2050,5372,electricity,53990
2050,5373,electricity,53947
2050,5374,electricity,54233
2050,5375,electricity,55544
2050,5376,electricity,58133
2050,5377,electricity,54704
2050,5378,electricity,49239
2050,5379,electricity,47653
2050,5380,electricity,44957
2050,5381,electricity,43921
2050,5382,electricity,45056
2050,5383,electricity,48008
2050,5384,electricity,50282
2050,5385,electricity,54387
2050,5386,electricity,58279
2050,5387,electricity,60768
2050,5388,electricity,62408
2050,5389,electricity,64398
2050,5390,electricity,64509
2050,5391,electricity,63279
2050,5392,electricity,62037
2050,5393,electricity,60308
2050,5394,electricity,59183
2050,5395,electricity,59510
2050,5396,electricity,60660
2050,5397,electricity,58737
2050,5398,electricity,57325
2050,5399,electricity,57794
2050,5400,electricity,60144
2050,5401,electricity,56531
2050,5402,electricity,50992
2050,5403,electricity,49468
2050,5404,electricity,46732
2050,5405,electricity,45555
2050,5406,electricity,46317
2050,5407,electricity,49049
2050,5408,electricity,51383
2050,5409,electricity,55488
2050,5410,electricity,59221
2050,5411,electricity,61746
2050,5412,electricity,63239
2050,5413,electricity,65208
2050,5414,electricity,65299
2050,5415,electricity,63840
2050,5416,electricity,62456
2050,5417,electricity,60787
2050,5418,electricity,59903
2050,5419,electricity,60052
2050,5420,electricity,60714
2050,5421,electricity,58588
2050,5422,electricity,57320
2050,5423,electricity,57988
2050,5424,electricity,60487
2050,5425,electricity,57225
2050,5426,electricity,51506
2050,5427,electricity,49858
2050,5428,electricity,46754
2050,5429,electricity,45080
2050,5430,electricity,44728
2050,5431,electricity,45434
2050,5432,electricity,45502
2050,5433,electricity,47935
2050,5434,electricity,51425
2050,5435,electricity,54414
2050,5436,electricity,56453
2050,5437,electricity,58508
2050,5438,electricity,59142
2050,5439,electricity,56584
2050,5440,electricity,55116
2050,5441,electricity,53857
2050,5442,electricity,53489
2050,5443,electricity,54479
2050,5444,electricity,55949
2050,5445,electricity,55420
2050,5446,electricity,55428
2050,5447,electricity,56644
2050,5448,electricity,59321
2050,5449,electricity,56200
2050,5450,electricity,50482
2050,5451,electricity,48751
2050,5452,electricity,46077
2050,5453,electricity,44853
2050,5454,electricity,45868
2050,5455,electricity,48870
2050,5456,electricity,51191
2050,5457,electricity,55213
2050,5458,electricity,59287
2050,5459,electricity,62245
2050,5460,electricity,64182
2050,5461,electricity,66377
2050,5462,electricity,66929
2050,5463,electricity,65899
2050,5464,electricity,64599
2050,5465,electricity,63278
2050,5466,electricity,62157
2050,5467,electricity,62561
2050,5468,electricity,62991
2050,5469,electricity,60889
2050,5470,electricity,59693
2050,5471,electricity,59439
2050,5472,electricity,61598
2050,5473,electricity,58061
2050,5474,electricity,52386
2050,5475,electricity,50834
2050,5476,electricity,47812
2050,5477,electricity,46455
2050,5478,electricity,47129
2050,5479,electricity,49817
2050,5480,electricity,52035
2050,5481,electricity,55924
2050,5482,electricity,59793
2050,5483,electricity,62390
2050,5484,electricity,64063
2050,5485,electricity,65895
2050,5486,electricity,65933
2050,5487,electricity,64157
2050,5488,electricity,62705
2050,5489,electricity,61101
2050,5490,electricity,59957
2050,5491,electricity,60356
2050,5492,electricity,60841
2050,5493,electricity,58860
2050,5494,electricity,58166
2050,5495,electricity,58493
2050,5496,electricity,60928
2050,5497,electricity,57447
2050,5498,electricity,51838
2050,5499,electricity,49957
2050,5500,electricity,46805
2050,5501,electricity,45131
2050,5502,electricity,45102
2050,5503,electricity,46238
2050,5504,electricity,46459
2050,5505,electricity,49203
2050,5506,electricity,53094
2050,5507,electricity,56129
2050,5508,electricity,57725
2050,5509,electricity,59881
2050,5510,electricity,60752
2050,5511,electricity,58569
2050,5512,electricity,57266
2050,5513,electricity,55981
2050,5514,electricity,55228
2050,5515,electricity,55856
2050,5516,electricity,56588
2050,5517,electricity,55062
2050,5518,electricity,55125
2050,5519,electricity,55838
2050,5520,electricity,58851
2050,5521,electricity,56075
2050,5522,electricity,50583
2050,5523,electricity,48587
2050,5524,electricity,45423
2050,5525,electricity,43645
2050,5526,electricity,43246
2050,5527,electricity,43608
2050,5528,electricity,43113
2050,5529,electricity,45346
2050,5530,electricity,48927
2050,5531,electricity,52147
2050,5532,electricity,54389
2050,5533,electricity,57036
2050,5534,electricity,57698
2050,5535,electricity,55168
2050,5536,electricity,53669
2050,5537,electricity,52306
2050,5538,electricity,51910
2050,5539,electricity,52950
2050,5540,electricity,54952
2050,5541,electricity,55226
2050,5542,electricity,56413
2050,5543,electricity,57082
2050,5544,electricity,59739
2050,5545,electricity,56293
2050,5546,electricity,50637
2050,5547,electricity,48829
2050,5548,electricity,46130
2050,5549,electricity,45050
2050,5550,electricity,46505
2050,5551,electricity,50089
2050,5552,electricity,53203
2050,5553,electricity,57852
2050,5554,electricity,62166
2050,5555,electricity,65022
2050,5556,electricity,67047
2050,5557,electricity,69084
2050,5558,electricity,69467
2050,5559,electricity,68484
2050,5560,electricity,67357
2050,5561,electricity,65819
2050,5562,electricity,64605
2050,5563,electricity,64606
2050,5564,electricity,65394
2050,5565,electricity,63519
2050,5566,electricity,62529
2050,5567,electricity,61746
2050,5568,electricity,64010
2050,5569,electricity,60293
2050,5570,electricity,54586
2050,5571,electricity,52926
2050,5572,electricity,50046
2050,5573,electricity,48740
2050,5574,electricity,49502
2050,5575,electricity,52944
2050,5576,electricity,56043
2050,5577,electricity,60550
2050,5578,electricity,64661
2050,5579,electricity,67512
2050,5580,electricity,69313
2050,5581,electricity,71215
2050,5582,electricity,71325
2050,5583,electricity,70298
2050,5584,electricity,69175
2050,5585,electricity,67705
2050,5586,electricity,66419
2050,5587,electricity,66566
2050,5588,electricity,66990
2050,5589,electricity,64410
2050,5590,electricity,63571
2050,5591,electricity,62795
2050,5592,electricity,64902
2050,5593,electricity,61164
2050,5594,electricity,55302
2050,5595,electricity,53532
2050,5596,electricity,50528
2050,5597,electricity,49210
2050,5598,electricity,50191
2050,5599,electricity,53439
2050,5600,electricity,56269
2050,5601,electricity,60632
2050,5602,electricity,64991
2050,5603,electricity,68011
2050,5604,electricity,70144
2050,5605,electricity,72207
2050,5606,electricity,72625
2050,5607,electricity,71679
2050,5608,electricity,70401
2050,5609,electricity,68882
2050,5610,electricity,67672
2050,5611,electricity,67501
2050,5612,electricity,67901
2050,5613,electricity,65303
2050,5614,electricity,64133
2050,5615,electricity,63214
2050,5616,electricity,65162
2050,5617,electricity,61412
2050,5618,electricity,55449
2050,5619,electricity,53862
2050,5620,electricity,50884
2050,5621,electricity,49675
2050,5622,electricity,50493
2050,5623,electricity,53931
2050,5624,electricity,56875
2050,5625,electricity,61161
2050,5626,electricity,65562
2050,5627,electricity,68018
2050,5628,electricity,69948
2050,5629,electricity,71873
2050,5630,electricity,71916
2050,5631,electricity,71276
2050,5632,electricity,70196
2050,5633,electricity,68457
2050,5634,electricity,66874
2050,5635,electricity,66639
2050,5636,electricity,67215
2050,5637,electricity,64584
2050,5638,electricity,63706
2050,5639,electricity,62447
2050,5640,electricity,64530
2050,5641,electricity,60904
2050,5642,electricity,55174
2050,5643,electricity,53629
2050,5644,electricity,50607
2050,5645,electricity,49407
2050,5646,electricity,50307
2050,5647,electricity,53715
2050,5648,electricity,56673
2050,5649,electricity,60700
2050,5650,electricity,64625
2050,5651,electricity,66883
2050,5652,electricity,68274
2050,5653,electricity,69726
2050,5654,electricity,69483
2050,5655,electricity,67846
2050,5656,electricity,66319
2050,5657,electricity,64362
2050,5658,electricity,63113
2050,5659,electricity,63152
2050,5660,electricity,63410
2050,5661,electricity,61333
2050,5662,electricity,61349
2050,5663,electricity,60280
2050,5664,electricity,62759
2050,5665,electricity,59583
2050,5666,electricity,53855
2050,5667,electricity,51720
2050,5668,electricity,48437
2050,5669,electricity,46611
2050,5670,electricity,46453
2050,5671,electricity,47829
2050,5672,electricity,48184
2050,5673,electricity,50377
2050,5674,electricity,54412
2050,5675,electricity,57272
2050,5676,electricity,58841
2050,5677,electricity,60919
2050,5678,electricity,61569
2050,5679,electricity,59169
2050,5680,electricity,57425
2050,5681,electricity,55599
2050,5682,electricity,54695
2050,5683,electricity,55390
2050,5684,electricity,56162
2050,5685,electricity,55286
2050,5686,electricity,55846
2050,5687,electricity,55660
2050,5688,electricity,58968
2050,5689,electricity,56369
2050,5690,electricity,50888
2050,5691,electricity,49080
2050,5692,electricity,45776
2050,5693,electricity,43910
2050,5694,electricity,43456
2050,5695,electricity,44001
2050,5696,electricity,43649
2050,5697,electricity,45570
2050,5698,electricity,49202
2050,5699,electricity,52482
2050,5700,electricity,54799
2050,5701,electricity,57245
2050,5702,electricity,57651
2050,5703,electricity,54699
2050,5704,electricity,52777
2050,5705,electricity,51205
2050,5706,electricity,50582
2050,5707,electricity,51948
2050,5708,electricity,54293
2050,5709,electricity,55105
2050,5710,electricity,56863
2050,5711,electricity,56583
2050,5712,electricity,59741
2050,5713,electricity,56850
2050,5714,electricity,51244
2050,5715,electricity,49632
2050,5716,electricity,46782
2050,5717,electricity,45561
2050,5718,electricity,47240
2050,5719,electricity,51895
2050,5720,electricity,56081
2050,5721,electricity,60803
2050,5722,electricity,64776
2050,5723,electricity,67190
2050,5724,electricity,69155
2050,5725,electricity,70798
2050,5726,electricity,70821
2050,5727,electricity,70023
2050,5728,electricity,68555
2050,5729,electricity,66858
2050,5730,electricity,65363
2050,5731,electricity,65189
2050,5732,electricity,66480
2050,5733,electricity,64543
2050,5734,electricity,63851
2050,5735,electricity,61922
2050,5736,electricity,64569
2050,5737,electricity,61198
2050,5738,electricity,55615
2050,5739,electricity,53828
2050,5740,electricity,50935
2050,5741,electricity,49591
2050,5742,electricity,50856
2050,5743,electricity,54813
2050,5744,electricity,58945
2050,5745,electricity,63787
2050,5746,electricity,67400
2050,5747,electricity,69865
2050,5748,electricity,71586
2050,5749,electricity,72868
2050,5750,electricity,73067
2050,5751,electricity,72374
2050,5752,electricity,71053
2050,5753,electricity,69572
2050,5754,electricity,68147
2050,5755,electricity,68110
2050,5756,electricity,68614
2050,5757,electricity,66091
2050,5758,electricity,65264
2050,5759,electricity,62900
2050,5760,electricity,65208
2050,5761,electricity,61604
2050,5762,electricity,55674
2050,5763,electricity,54381
2050,5764,electricity,51079
2050,5765,electricity,49800
2050,5766,electricity,51112
2050,5767,electricity,55183
2050,5768,electricity,59305
2050,5769,electricity,64091
2050,5770,electricity,68085
2050,5771,electricity,70610
2050,5772,electricity,72562
2050,5773,electricity,73855
2050,5774,electricity,73297
2050,5775,electricity,72342
2050,5776,electricity,70588
2050,5777,electricity,68997
2050,5778,electricity,67321
2050,5779,electricity,67199
2050,5780,electricity,68301
2050,5781,electricity,66275
2050,5782,electricity,65237
2050,5783,electricity,62935
2050,5784,electricity,65389
2050,5785,electricity,61942
2050,5786,electricity,56228
2050,5787,electricity,54440
2050,5788,electricity,51474
2050,5789,electricity,50133
2050,5790,electricity,51359
2050,5791,electricity,55471
2050,5792,electricity,59912
2050,5793,electricity,64774
2050,5794,electricity,68235
2050,5795,electricity,70189
2050,5796,electricity,71804
2050,5797,electricity,72675
2050,5798,electricity,72484
2050,5799,electricity,71442
2050,5800,electricity,69780
2050,5801,electricity,67990
2050,5802,electricity,66473
2050,5803,electricity,66302
2050,5804,electricity,67602
2050,5805,electricity,66018
2050,5806,electricity,64860
2050,5807,electricity,62611
2050,5808,electricity,65246
2050,5809,electricity,62100
2050,5810,electricity,56265
2050,5811,electricity,54439
2050,5812,electricity,51394
2050,5813,electricity,50217
2050,5814,electricity,51394
2050,5815,electricity,55647
2050,5816,electricity,60024
2050,5817,electricity,64538
2050,5818,electricity,67967
2050,5819,electricity,69731
2050,5820,electricity,70944
2050,5821,electricity,72131
2050,5822,electricity,71863
2050,5823,electricity,70417
2050,5824,electricity,68706
2050,5825,electricity,66614
2050,5826,electricity,65048
2050,5827,electricity,65011
2050,5828,electricity,65318
2050,5829,electricity,63854
2050,5830,electricity,63716
2050,5831,electricity,62004
2050,5832,electricity,64656
2050,5833,electricity,61340
2050,5834,electricity,55177
2050,5835,electricity,52989
2050,5836,electricity,49613
2050,5837,electricity,47585
2050,5838,electricity,47330
2050,5839,electricity,48942
2050,5840,electricity,49669
2050,5841,electricity,52195
2050,5842,electricity,56191
2050,5843,electricity,59257
2050,5844,electricity,60747
2050,5845,electricity,62811
2050,5846,electricity,63558
2050,5847,electricity,60695
2050,5848,electricity,59259
2050,5849,electricity,57406
2050,5850,electricity,56437
2050,5851,electricity,56904
2050,5852,electricity,57868
2050,5853,electricity,57057
2050,5854,electricity,58072
2050,5855,electricity,57109
2050,5856,electricity,60437
2050,5857,electricity,57801
2050,5858,electricity,51881
2050,5859,electricity,49724
2050,5860,electricity,46646
2050,5861,electricity,44720
2050,5862,electricity,44356
2050,5863,electricity,45126
2050,5864,electricity,45027
2050,5865,electricity,46911
2050,5866,electricity,50699
2050,5867,electricity,53995
2050,5868,electricity,56433
2050,5869,electricity,59056
2050,5870,electricity,59674
2050,5871,electricity,56498
2050,5872,electricity,54589
2050,5873,electricity,53043
2050,5874,electricity,52476
2050,5875,electricity,53993
2050,5876,electricity,56898
2050,5877,electricity,57212
2050,5878,electricity,58589
2050,5879,electricity,57115
2050,5880,electricity,59825
2050,5881,electricity,57461
2050,5882,electricity,51882
2050,5883,electricity,50282
2050,5884,electricity,47577
2050,5885,electricity,46227
2050,5886,electricity,48326
2050,5887,electricity,53482
2050,5888,electricity,59600
2050,5889,electricity,63787
2050,5890,electricity,66539
2050,5891,electricity,68468
2050,5892,electricity,70398
2050,5893,electricity,71788
2050,5894,electricity,71742
2050,5895,electricity,70911
2050,5896,electricity,69499
2050,5897,electricity,67873
2050,5898,electricity,66284
2050,5899,electricity,66455
2050,5900,electricity,68394
2050,5901,electricity,66149
2050,5902,electricity,65279
2050,5903,electricity,62464
2050,5904,electricity,64919
2050,5905,electricity,61756
2050,5906,electricity,56037
2050,5907,electricity,54474
2050,5908,electricity,51488
2050,5909,electricity,50035
2050,5910,electricity,51162
2050,5911,electricity,56178
2050,5912,electricity,62427
2050,5913,electricity,66515
2050,5914,electricity,69205
2050,5915,electricity,70964
2050,5916,electricity,72212
2050,5917,electricity,73182
2050,5918,electricity,72484
2050,5919,electricity,71749
2050,5920,electricity,70836
2050,5921,electricity,69222
2050,5922,electricity,67652
2050,5923,electricity,67991
2050,5924,electricity,69438
2050,5925,electricity,67261
2050,5926,electricity,65944
2050,5927,electricity,63106
2050,5928,electricity,65296
2050,5929,electricity,62154
2050,5930,electricity,56158
2050,5931,electricity,54618
2050,5932,electricity,51544
2050,5933,electricity,50293
2050,5934,electricity,51475
2050,5935,electricity,56176
2050,5936,electricity,62207
2050,5937,electricity,66201
2050,5938,electricity,69780
2050,5939,electricity,71586
2050,5940,electricity,72908
2050,5941,electricity,74205
2050,5942,electricity,73895
2050,5943,electricity,73134
2050,5944,electricity,71739
2050,5945,electricity,70027
2050,5946,electricity,68481
2050,5947,electricity,68512
2050,5948,electricity,70278
2050,5949,electricity,68023
2050,5950,electricity,66344
2050,5951,electricity,63273
2050,5952,electricity,65476
2050,5953,electricity,62360
2050,5954,electricity,56472
2050,5955,electricity,54782
2050,5956,electricity,51890
2050,5957,electricity,50684
2050,5958,electricity,52008
2050,5959,electricity,57059
2050,5960,electricity,63800
2050,5961,electricity,67642
2050,5962,electricity,70514
2050,5963,electricity,72098
2050,5964,electricity,73276
2050,5965,electricity,73842
2050,5966,electricity,73013
2050,5967,electricity,71778
2050,5968,electricity,70178
2050,5969,electricity,68417
2050,5970,electricity,66853
2050,5971,electricity,67432
2050,5972,electricity,69408
2050,5973,electricity,67216
2050,5974,electricity,65911
2050,5975,electricity,62931
2050,5976,electricity,65158
2050,5977,electricity,61740
2050,5978,electricity,55908
2050,5979,electricity,54490
2050,5980,electricity,51786
2050,5981,electricity,50487
2050,5982,electricity,51895
2050,5983,electricity,57032
2050,5984,electricity,63839
2050,5985,electricity,67581
2050,5986,electricity,70247
2050,5987,electricity,71450
2050,5988,electricity,72288
2050,5989,electricity,72919
2050,5990,electricity,72463
2050,5991,electricity,70955
2050,5992,electricity,69040
2050,5993,electricity,66948
2050,5994,electricity,65529
2050,5995,electricity,65657
2050,5996,electricity,65951
2050,5997,electricity,64656
2050,5998,electricity,64508
2050,5999,electricity,62047
2050,6000,electricity,64302
2050,6001,electricity,60866
2050,6002,electricity,54619
2050,6003,electricity,52628
2050,6004,electricity,49424
2050,6005,electricity,47647
2050,6006,electricity,47490
2050,6007,electricity,49178
2050,6008,electricity,50715
2050,6009,electricity,53175
2050,6010,electricity,57271
2050,6011,electricity,60075
2050,6012,electricity,60638
2050,6013,electricity,63008
2050,6014,electricity,63960
2050,6015,electricity,61297
2050,6016,electricity,59633
2050,6017,electricity,57927
2050,6018,electricity,56813
2050,6019,electricity,57447
2050,6020,electricity,58521
2050,6021,electricity,58460
2050,6022,electricity,58770
2050,6023,electricity,57217
2050,6024,electricity,60639
2050,6025,electricity,57965
2050,6026,electricity,52268
2050,6027,electricity,50238
2050,6028,electricity,46878
2050,6029,electricity,44992
2050,6030,electricity,44445
2050,6031,electricity,45325
2050,6032,electricity,45596
2050,6033,electricity,47167
2050,6034,electricity,51055
2050,6035,electricity,54566
2050,6036,electricity,56987
2050,6037,electricity,59696
2050,6038,electricity,60276
2050,6039,electricity,56946
2050,6040,electricity,55112
2050,6041,electricity,53470
2050,6042,electricity,52899
2050,6043,electricity,54391
2050,6044,electricity,57184
2050,6045,electricity,58504
2050,6046,electricity,59402
2050,6047,electricity,57442
2050,6048,electricity,60438
2050,6049,electricity,57642
2050,6050,electricity,52417
2050,6051,electricity,50585
2050,6052,electricity,47740
2050,6053,electricity,46535
2050,6054,electricity,48354
2050,6055,electricity,54293
2050,6056,electricity,61528
2050,6057,electricity,65184
2050,6058,electricity,68194
2050,6059,electricity,69805
2050,6060,electricity,71053
2050,6061,electricity,72397
2050,6062,electricity,72361
2050,6063,electricity,71564
2050,6064,electricity,70399
2050,6065,electricity,68763
2050,6066,electricity,67343
2050,6067,electricity,67315
2050,6068,electricity,69033
2050,6069,electricity,67786
2050,6070,electricity,66172
2050,6071,electricity,62742
2050,6072,electricity,65041
2050,6073,electricity,61457
2050,6074,electricity,55779
2050,6075,electricity,54316
2050,6076,electricity,51568
2050,6077,electricity,50163
2050,6078,electricity,51337
2050,6079,electricity,56775
2050,6080,electricity,63937
2050,6081,electricity,67240
2050,6082,electricity,69986
2050,6083,electricity,71719
2050,6084,electricity,72952
2050,6085,electricity,74300
2050,6086,electricity,74281
2050,6087,electricity,73568
2050,6088,electricity,72450
2050,6089,electricity,70990
2050,6090,electricity,69550
2050,6091,electricity,69469
2050,6092,electricity,70393
2050,6093,electricity,69020
2050,6094,electricity,67251
2050,6095,electricity,63965
2050,6096,electricity,65938
2050,6097,electricity,62341
2050,6098,electricity,56182
2050,6099,electricity,54668
2050,6100,electricity,51813
2050,6101,electricity,50353
2050,6102,electricity,51633
2050,6103,electricity,56666
2050,6104,electricity,63361
2050,6105,electricity,67047
2050,6106,electricity,70322
2050,6107,electricity,71892
2050,6108,electricity,73648
2050,6109,electricity,75270
2050,6110,electricity,75026
2050,6111,electricity,74118
2050,6112,electricity,72890
2050,6113,electricity,71322
2050,6114,electricity,69725
2050,6115,electricity,69728
2050,6116,electricity,70949
2050,6117,electricity,69787
2050,6118,electricity,67277
2050,6119,electricity,63929
2050,6120,electricity,66226
2050,6121,electricity,62836
2050,6122,electricity,56879
2050,6123,electricity,55218
2050,6124,electricity,52354
2050,6125,electricity,50954
2050,6126,electricity,52272
2050,6127,electricity,57253
2050,6128,electricity,64692
2050,6129,electricity,68324
2050,6130,electricity,70915
2050,6131,electricity,72255
2050,6132,electricity,73331
2050,6133,electricity,74253
2050,6134,electricity,73944
2050,6135,electricity,72953
2050,6136,electricity,71375
2050,6137,electricity,69712
2050,6138,electricity,68219
2050,6139,electricity,68573
2050,6140,electricity,70192
2050,6141,electricity,69419
2050,6142,electricity,66654
2050,6143,electricity,63177
2050,6144,electricity,65430
2050,6145,electricity,62001
2050,6146,electricity,56230
2050,6147,electricity,54820
2050,6148,electricity,51822
2050,6149,electricity,50533
2050,6150,electricity,51901
2050,6151,electricity,57000
2050,6152,electricity,64268
2050,6153,electricity,67701
2050,6154,electricity,70457
2050,6155,electricity,71542
2050,6156,electricity,72496
2050,6157,electricity,73337
2050,6158,electricity,72741
2050,6159,electricity,71157
2050,6160,electricity,69563
2050,6161,electricity,67329
2050,6162,electricity,66136
2050,6163,electricity,66018
2050,6164,electricity,66519
2050,6165,electricity,66506
2050,6166,electricity,65071
2050,6167,electricity,62275
2050,6168,electricity,64529
2050,6169,electricity,60823
2050,6170,electricity,54861
2050,6171,electricity,52776
2050,6172,electricity,49653
2050,6173,electricity,47923
2050,6174,electricity,47783
2050,6175,electricity,49577
2050,6176,electricity,51366
2050,6177,electricity,53508
2050,6178,electricity,57884
2050,6179,electricity,60511
2050,6180,electricity,61848
2050,6181,electricity,63953
2050,6182,electricity,64317
2050,6183,electricity,61726
2050,6184,electricity,59851
2050,6185,electricity,58171
2050,6186,electricity,57012
2050,6187,electricity,57487
2050,6188,electricity,58700
2050,6189,electricity,59559
2050,6190,electricity,58832
2050,6191,electricity,57048
2050,6192,electricity,59955
2050,6193,electricity,57469
2050,6194,electricity,52445
2050,6195,electricity,50419
2050,6196,electricity,46918
2050,6197,electricity,45313
2050,6198,electricity,44852
2050,6199,electricity,45854
2050,6200,electricity,46569
2050,6201,electricity,47904
2050,6202,electricity,51548
2050,6203,electricity,54955
2050,6204,electricity,57230
2050,6205,electricity,59790
2050,6206,electricity,60400
2050,6207,electricity,56960
2050,6208,electricity,55043
2050,6209,electricity,53386
2050,6210,electricity,52783
2050,6211,electricity,54282
2050,6212,electricity,57452
2050,6213,electricity,59659
2050,6214,electricity,59265
2050,6215,electricity,57166
2050,6216,electricity,60178
2050,6217,electricity,57761
2050,6218,electricity,52304
2050,6219,electricity,50751
2050,6220,electricity,47957
2050,6221,electricity,46738
2050,6222,electricity,48741
2050,6223,electricity,54623
2050,6224,electricity,62315
2050,6225,electricity,65809
2050,6226,electricity,68386
2050,6227,electricity,70123
2050,6228,electricity,71392
2050,6229,electricity,72830
2050,6230,electricity,72758
2050,6231,electricity,72344
2050,6232,electricity,71043
2050,6233,electricity,69420
2050,6234,electricity,67982
2050,6235,electricity,67861
2050,6236,electricity,69554
2050,6237,electricity,69023
2050,6238,electricity,66369
2050,6239,electricity,62995
2050,6240,electricity,65297
2050,6241,electricity,61926
2050,6242,electricity,56006
2050,6243,electricity,53940
2050,6244,electricity,51359
2050,6245,electricity,50045
2050,6246,electricity,51276
2050,6247,electricity,56570
2050,6248,electricity,64095
2050,6249,electricity,67341
2050,6250,electricity,70018
2050,6251,electricity,71390
2050,6252,electricity,72849
2050,6253,electricity,73714
2050,6254,electricity,73573
2050,6255,electricity,72842
2050,6256,electricity,71472
2050,6257,electricity,69737
2050,6258,electricity,68375
2050,6259,electricity,68439
2050,6260,electricity,69738
2050,6261,electricity,69681
2050,6262,electricity,66669
2050,6263,electricity,63073
2050,6264,electricity,65246
2050,6265,electricity,61737
2050,6266,electricity,56059
2050,6267,electricity,54443
2050,6268,electricity,51543
2050,6269,electricity,50355
2050,6270,electricity,51610
2050,6271,electricity,56617
2050,6272,electricity,63724
2050,6273,electricity,67110
2050,6274,electricity,70147
2050,6275,electricity,71729
2050,6276,electricity,73281
2050,6277,electricity,74654
2050,6278,electricity,74251
2050,6279,electricity,73671
2050,6280,electricity,72200
2050,6281,electricity,70619
2050,6282,electricity,69287
2050,6283,electricity,69377
2050,6284,electricity,70636
2050,6285,electricity,70430
2050,6286,electricity,67084
2050,6287,electricity,63589
2050,6288,electricity,65533
2050,6289,electricity,62345
2050,6290,electricity,56460
2050,6291,electricity,54819
2050,6292,electricity,51597
2050,6293,electricity,50344
2050,6294,electricity,51642
2050,6295,electricity,56933
2050,6296,electricity,64487
2050,6297,electricity,67383
2050,6298,electricity,69781
2050,6299,electricity,71363
2050,6300,electricity,72783
2050,6301,electricity,73940
2050,6302,electricity,73730
2050,6303,electricity,73184
2050,6304,electricity,72087
2050,6305,electricity,70563
2050,6306,electricity,69167
2050,6307,electricity,68950
2050,6308,electricity,70301
2050,6309,electricity,70358
2050,6310,electricity,66704
2050,6311,electricity,63226
2050,6312,electricity,65577
2050,6313,electricity,62144
2050,6314,electricity,56269
2050,6315,electricity,54855
2050,6316,electricity,52156
2050,6317,electricity,50898
2050,6318,electricity,52203
2050,6319,electricity,57243
2050,6320,electricity,64758
2050,6321,electricity,67983
2050,6322,electricity,70599
2050,6323,electricity,72009
2050,6324,electricity,73080
2050,6325,electricity,73542
2050,6326,electricity,72900
2050,6327,electricity,71097
2050,6328,electricity,69615
2050,6329,electricity,67593
2050,6330,electricity,66220
2050,6331,electricity,66278
2050,6332,electricity,67027
2050,6333,electricity,67830
2050,6334,electricity,64912
2050,6335,electricity,62130
2050,6336,electricity,64242
2050,6337,electricity,60788
2050,6338,electricity,54593
2050,6339,electricity,52735
2050,6340,electricity,49416
2050,6341,electricity,47499
2050,6342,electricity,47354
2050,6343,electricity,48998
2050,6344,electricity,51334
2050,6345,electricity,53149
2050,6346,electricity,57302
2050,6347,electricity,60071
2050,6348,electricity,61453
2050,6349,electricity,63565
2050,6350,electricity,64084
2050,6351,electricity,61116
2050,6352,electricity,59335
2050,6353,electricity,57681
2050,6354,electricity,56794
2050,6355,electricity,57897
2050,6356,electricity,59970
2050,6357,electricity,61570
2050,6358,electricity,58977
2050,6359,electricity,57038
2050,6360,electricity,60652
2050,6361,electricity,58113
2050,6362,electricity,52678
2050,6363,electricity,50657
2050,6364,electricity,47314
2050,6365,electricity,45263
2050,6366,electricity,44699
2050,6367,electricity,45548
2050,6368,electricity,46495
2050,6369,electricity,47642
2050,6370,electricity,51703
2050,6371,electricity,55405
2050,6372,electricity,58390
2050,6373,electricity,61437
2050,6374,electricity,61610
2050,6375,electricity,58158
2050,6376,electricity,56196
2050,6377,electricity,54632
2050,6378,electricity,54514
2050,6379,electricity,56289
2050,6380,electricity,59726
2050,6381,electricity,62214
2050,6382,electricity,60233
2050,6383,electricity,57962
2050,6384,electricity,60797
2050,6385,electricity,58231
2050,6386,electricity,53018
2050,6387,electricity,51396
2050,6388,electricity,48677
2050,6389,electricity,47348
2050,6390,electricity,49378
2050,6391,electricity,55468
2050,6392,electricity,64105
2050,6393,electricity,67676
2050,6394,electricity,70157
2050,6395,electricity,71324
2050,6396,electricity,72025
2050,6397,electricity,72742
2050,6398,electricity,72102
2050,6399,electricity,70514
2050,6400,electricity,68809
2050,6401,electricity,66944
2050,6402,electricity,65358
2050,6403,electricity,65765
2050,6404,electricity,68762
2050,6405,electricity,70029
2050,6406,electricity,66326
2050,6407,electricity,62979
2050,6408,electricity,65618
2050,6409,electricity,62423
2050,6410,electricity,56776
2050,6411,electricity,55251
2050,6412,electricity,52544
2050,6413,electricity,51170
2050,6414,electricity,52888
2050,6415,electricity,58696
2050,6416,electricity,67456
2050,6417,electricity,70716
2050,6418,electricity,72758
2050,6419,electricity,73239
2050,6420,electricity,73588
2050,6421,electricity,74047
2050,6422,electricity,73184
2050,6423,electricity,71341
2050,6424,electricity,69775
2050,6425,electricity,67786
2050,6426,electricity,66463
2050,6427,electricity,66897
2050,6428,electricity,69646
2050,6429,electricity,71249
2050,6430,electricity,67461
2050,6431,electricity,64293
2050,6432,electricity,66605
2050,6433,electricity,63664
2050,6434,electricity,58031
2050,6435,electricity,56304
2050,6436,electricity,53517
2050,6437,electricity,52161
2050,6438,electricity,53798
2050,6439,electricity,59348
2050,6440,electricity,67631
2050,6441,electricity,71386
2050,6442,electricity,73716
2050,6443,electricity,74013
2050,6444,electricity,74325
2050,6445,electricity,75192
2050,6446,electricity,74274
2050,6447,electricity,72729
2050,6448,electricity,70758
2050,6449,electricity,68663
2050,6450,electricity,67402
2050,6451,electricity,67601
2050,6452,electricity,70374
2050,6453,electricity,71775
2050,6454,electricity,67642
2050,6455,electricity,64288
2050,6456,electricity,66740
2050,6457,electricity,64025
2050,6458,electricity,58214
2050,6459,electricity,56670
2050,6460,electricity,53789
2050,6461,electricity,52336
2050,6462,electricity,53626
2050,6463,electricity,59339
2050,6464,electricity,68233
2050,6465,electricity,71134
2050,6466,electricity,72606
2050,6467,electricity,72985
2050,6468,electricity,73647
2050,6469,electricity,74260
2050,6470,electricity,73601
2050,6471,electricity,72225
2050,6472,electricity,70729
2050,6473,electricity,68990
2050,6474,electricity,67514
2050,6475,electricity,67692
2050,6476,electricity,69987
2050,6477,electricity,71359
2050,6478,electricity,67171
2050,6479,electricity,63699
2050,6480,electricity,66229
2050,6481,electricity,63216
2050,6482,electricity,57171
2050,6483,electricity,55641
2050,6484,electricity,52614
2050,6485,electricity,51273
2050,6486,electricity,52540
2050,6487,electricity,58053
2050,6488,electricity,66489
2050,6489,electricity,69625
2050,6490,electricity,71393
2050,6491,electricity,72202
2050,6492,electricity,72687
2050,6493,electricity,73265
2050,6494,electricity,72717
2050,6495,electricity,71012
2050,6496,electricity,69211
2050,6497,electricity,67266
2050,6498,electricity,65826
2050,6499,electricity,66117
2050,6500,electricity,67829
2050,6501,electricity,69587
2050,6502,electricity,65890
2050,6503,electricity,62928
2050,6504,electricity,65525
2050,6505,electricity,62506
2050,6506,electricity,56346
2050,6507,electricity,54211
2050,6508,electricity,50849
2050,6509,electricity,49048
2050,6510,electricity,48770
2050,6511,electricity,50637
2050,6512,electricity,53434
2050,6513,electricity,55775
2050,6514,electricity,59862
2050,6515,electricity,62344
2050,6516,electricity,63163
2050,6517,electricity,64994
2050,6518,electricity,65313
2050,6519,electricity,62120
2050,6520,electricity,59944
2050,6521,electricity,57924
2050,6522,electricity,56813
2050,6523,electricity,57618
2050,6524,electricity,60161
2050,6525,electricity,62818
2050,6526,electricity,60251
2050,6527,electricity,58678
2050,6528,electricity,62659
2050,6529,electricity,60503
2050,6530,electricity,55089
2050,6531,electricity,53008
2050,6532,electricity,49517
2050,6533,electricity,47295
2050,6534,electricity,46914
2050,6535,electricity,47939
2050,6536,electricity,49606
2050,6537,electricity,50857
2050,6538,electricity,54608
2050,6539,electricity,57719
2050,6540,electricity,59648
2050,6541,electricity,61941
2050,6542,electricity,62148
2050,6543,electricity,58099
2050,6544,electricity,55347
2050,6545,electricity,53554
2050,6546,electricity,53063
2050,6547,electricity,55094
2050,6548,electricity,59665
2050,6549,electricity,63256
2050,6550,electricity,60835
2050,6551,electricity,58808
2050,6552,electricity,61645
2050,6553,electricity,59557
2050,6554,electricity,54498
2050,6555,electricity,53023
2050,6556,electricity,49996
2050,6557,electricity,48738
2050,6558,electricity,50822
2050,6559,electricity,57020
2050,6560,electricity,66182
2050,6561,electricity,69837
2050,6562,electricity,72113
2050,6563,electricity,72930
2050,6564,electricity,73970
2050,6565,electricity,74923
2050,6566,electricity,74714
2050,6567,electricity,73225
2050,6568,electricity,71188
2050,6569,electricity,69088
2050,6570,electricity,67899
2050,6571,electricity,68626
2050,6572,electricity,72707
2050,6573,electricity,74036
2050,6574,electricity,69243
2050,6575,electricity,65688
2050,6576,electricity,68401
2050,6577,electricity,65455
2050,6578,electricity,59706
2050,6579,electricity,58286
2050,6580,electricity,55675
2050,6581,electricity,54011
2050,6582,electricity,55695
2050,6583,electricity,61663
2050,6584,electricity,70765
2050,6585,electricity,74182
2050,6586,electricity,75712
2050,6587,electricity,76639
2050,6588,electricity,77360
2050,6589,electricity,77938
2050,6590,electricity,77178
2050,6591,electricity,75322
2050,6592,electricity,73642
2050,6593,electricity,71536
2050,6594,electricity,70200
2050,6595,electricity,71464
2050,6596,electricity,75506
2050,6597,electricity,76058
2050,6598,electricity,70643
2050,6599,electricity,67125
2050,6600,electricity,69262
2050,6601,electricity,66303
2050,6602,electricity,60151
2050,6603,electricity,58571
2050,6604,electricity,55392
2050,6605,electricity,53818
2050,6606,electricity,54954
2050,6607,electricity,60561
2050,6608,electricity,69060
2050,6609,electricity,72543
2050,6610,electricity,75179
2050,6611,electricity,75874
2050,6612,electricity,76154
2050,6613,electricity,77101
2050,6614,electricity,75926
2050,6615,electricity,74409
2050,6616,electricity,72061
2050,6617,electricity,69950
2050,6618,electricity,68427
2050,6619,electricity,69064
2050,6620,electricity,73012
2050,6621,electricity,74457
2050,6622,electricity,69130
2050,6623,electricity,65567
2050,6624,electricity,68144
2050,6625,electricity,65632
2050,6626,electricity,59904
2050,6627,electricity,58024
2050,6628,electricity,54993
2050,6629,electricity,53589
2050,6630,electricity,54854
2050,6631,electricity,60809
2050,6632,electricity,69924
2050,6633,electricity,73458
2050,6634,electricity,74690
2050,6635,electricity,74869
2050,6636,electricity,75125
2050,6637,electricity,75553
2050,6638,electricity,74776
2050,6639,electricity,73131
2050,6640,electricity,71083
2050,6641,electricity,68986
2050,6642,electricity,67444
2050,6643,electricity,67890
2050,6644,electricity,71395
2050,6645,electricity,72996
2050,6646,electricity,67873
2050,6647,electricity,64457
2050,6648,electricity,67186
2050,6649,electricity,64791
2050,6650,electricity,59095
2050,6651,electricity,57437
2050,6652,electricity,54574
2050,6653,electricity,53112
2050,6654,electricity,54624
2050,6655,electricity,60250
2050,6656,electricity,69314
2050,6657,electricity,72910
2050,6658,electricity,74180
2050,6659,electricity,74572
2050,6660,electricity,74702
2050,6661,electricity,74790
2050,6662,electricity,73934
2050,6663,electricity,71860
2050,6664,electricity,69757
2050,6665,electricity,67355
2050,6666,electricity,65836
2050,6667,electricity,65903
2050,6668,electricity,68483
2050,6669,electricity,70170
2050,6670,electricity,65991
2050,6671,electricity,63376
2050,6672,electricity,66227
2050,6673,electricity,62974
2050,6674,electricity,56717
2050,6675,electricity,54426
2050,6676,electricity,50959
2050,6677,electricity,49023
2050,6678,electricity,48998
2050,6679,electricity,50871
2050,6680,electricity,53669
2050,6681,electricity,55784
2050,6682,electricity,59668
2050,6683,electricity,62010
2050,6684,electricity,62973
2050,6685,electricity,64968
2050,6686,electricity,65457
2050,6687,electricity,62474
2050,6688,electricity,60011
2050,6689,electricity,57983
2050,6690,electricity,57035
2050,6691,electricity,58482
2050,6692,electricity,62252
2050,6693,electricity,63488
2050,6694,electricity,59847
2050,6695,electricity,58389
2050,6696,electricity,61927
2050,6697,electricity,60020
2050,6698,electricity,54727
2050,6699,electricity,52603
2050,6700,electricity,48723
2050,6701,electricity,46415
2050,6702,electricity,45964
2050,6703,electricity,46920
2050,6704,electricity,48667
2050,6705,electricity,49969
2050,6706,electricity,53667
2050,6707,electricity,57926
2050,6708,electricity,60967
2050,6709,electricity,63651
2050,6710,electricity,63688
2050,6711,electricity,59946
2050,6712,electricity,57696
2050,6713,electricity,55762
2050,6714,electricity,55202
2050,6715,electricity,57202
2050,6716,electricity,62482
2050,6717,electricity,64811
2050,6718,electricity,61656
2050,6719,electricity,59723
2050,6720,electricity,63176
2050,6721,electricity,60987
2050,6722,electricity,55692
2050,6723,electricity,54121
2050,6724,electricity,51112
2050,6725,electricity,49838
2050,6726,electricity,51957
2050,6727,electricity,58791
2050,6728,electricity,68252
2050,6729,electricity,72353
2050,6730,electricity,74216
2050,6731,electricity,74771
2050,6732,electricity,75315
2050,6733,electricity,75733
2050,6734,electricity,75065
2050,6735,electricity,73161
2050,6736,electricity,70878
2050,6737,electricity,68734
2050,6738,electricity,66712
2050,6739,electricity,67570
2050,6740,electricity,72843
2050,6741,electricity,73715
2050,6742,electricity,68260
2050,6743,electricity,64992
2050,6744,electricity,67926
2050,6745,electricity,65206
2050,6746,electricity,59365
2050,6747,electricity,57894
2050,6748,electricity,54815
2050,6749,electricity,53425
2050,6750,electricity,54953
2050,6751,electricity,61088
2050,6752,electricity,70405
2050,6753,electricity,74201
2050,6754,electricity,75386
2050,6755,electricity,75393
2050,6756,electricity,75360
2050,6757,electricity,75721
2050,6758,electricity,74749
2050,6759,electricity,72852
2050,6760,electricity,70682
2050,6761,electricity,68699
2050,6762,electricity,67050
2050,6763,electricity,67410
2050,6764,electricity,72034
2050,6765,electricity,72988
2050,6766,electricity,67599
2050,6767,electricity,64276
2050,6768,electricity,66674
2050,6769,electricity,64096
2050,6770,electricity,58085
2050,6771,electricity,56601
2050,6772,electricity,53469
2050,6773,electricity,52029
2050,6774,electricity,53697
2050,6775,electricity,59603
2050,6776,electricity,68060
2050,6777,electricity,71646
2050,6778,electricity,73391
2050,6779,electricity,74131
2050,6780,electricity,74963
2050,6781,electricity,75655
2050,6782,electricity,74976
2050,6783,electricity,73202
2050,6784,electricity,71016
2050,6785,electricity,69359
2050,6786,electricity,68014
2050,6787,electricity,68911
2050,6788,electricity,73933
2050,6789,electricity,73557
2050,6790,electricity,67811
2050,6791,electricity,64469
2050,6792,electricity,66836
2050,6793,electricity,64091
2050,6794,electricity,58325
2050,6795,electricity,56589
2050,6796,electricity,53615
2050,6797,electricity,52111
2050,6798,electricity,53250
2050,6799,electricity,58667
2050,6800,electricity,67626
2050,6801,electricity,71145
2050,6802,electricity,72016
2050,6803,electricity,72583
2050,6804,electricity,73210
2050,6805,electricity,74259
2050,6806,electricity,73622
2050,6807,electricity,72192
2050,6808,electricity,70738
2050,6809,electricity,68835
2050,6810,electricity,67192
2050,6811,electricity,68097
2050,6812,electricity,73396
2050,6813,electricity,72776
2050,6814,electricity,67374
2050,6815,electricity,63992
2050,6816,electricity,66510
2050,6817,electricity,63742
2050,6818,electricity,57875
2050,6819,electricity,56013
2050,6820,electricity,53081
2050,6821,electricity,51532
2050,6822,electricity,52786
2050,6823,electricity,58266
2050,6824,electricity,67116
2050,6825,electricity,70998
2050,6826,electricity,72338
2050,6827,electricity,72858
2050,6828,electricity,73206
2050,6829,electricity,73974
2050,6830,electricity,73305
2050,6831,electricity,71627
2050,6832,electricity,69537
2050,6833,electricity,67267
2050,6834,electricity,65806
2050,6835,electricity,66046
2050,6836,electricity,69822
2050,6837,electricity,70210
2050,6838,electricity,65340
2050,6839,electricity,62665
2050,6840,electricity,65376
2050,6841,electricity,62438
2050,6842,electricity,56111
2050,6843,electricity,53913
2050,6844,electricity,50495
2050,6845,electricity,48484
2050,6846,electricity,48166
2050,6847,electricity,49868
2050,6848,electricity,52876
2050,6849,electricity,55161
2050,6850,electricity,58696
2050,6851,electricity,61130
2050,6852,electricity,62323
2050,6853,electricity,64617
2050,6854,electricity,65210
2050,6855,electricity,62293
2050,6856,electricity,60013
2050,6857,electricity,57987
2050,6858,electricity,56697
2050,6859,electricity,57472
2050,6860,electricity,61890
2050,6861,electricity,62645
2050,6862,electricity,58821
2050,6863,electricity,57171
2050,6864,electricity,60827
2050,6865,electricity,59186
2050,6866,electricity,53529
2050,6867,electricity,51342
2050,6868,electricity,47705
2050,6869,electricity,45517
2050,6870,electricity,44847
2050,6871,electricity,45760
2050,6872,electricity,47347
2050,6873,electricity,48520
2050,6874,electricity,52026
2050,6875,electricity,55605
2050,6876,electricity,58490
2050,6877,electricity,61218
2050,6878,electricity,61624
2050,6879,electricity,57757
2050,6880,electricity,55494
2050,6881,electricity,53811
2050,6882,electricity,53205
2050,6883,electricity,55309
2050,6884,electricity,61309
2050,6885,electricity,62726
2050,6886,electricity,59533
2050,6887,electricity,57319
2050,6888,electricity,60506
2050,6889,electricity,58469
2050,6890,electricity,53302
2050,6891,electricity,51485
2050,6892,electricity,48482
2050,6893,electricity,47144
2050,6894,electricity,49212
2050,6895,electricity,55395
2050,6896,electricity,64515
2050,6897,electricity,68584
2050,6898,electricity,69925
2050,6899,electricity,71083
2050,6900,electricity,72052
2050,6901,electricity,72960
2050,6902,electricity,72569
2050,6903,electricity,71413
2050,6904,electricity,69552
2050,6905,electricity,67808
2050,6906,electricity,66409
2050,6907,electricity,67257
2050,6908,electricity,73033
2050,6909,electricity,71870
2050,6910,electricity,66323
2050,6911,electricity,62924
2050,6912,electricity,65816
2050,6913,electricity,62824
2050,6914,electricity,56934
2050,6915,electricity,55392
2050,6916,electricity,52460
2050,6917,electricity,51044
2050,6918,electricity,52430
2050,6919,electricity,58045
2050,6920,electricity,67287
2050,6921,electricity,71431
2050,6922,electricity,72421
2050,6923,electricity,73006
2050,6924,electricity,73729
2050,6925,electricity,74356
2050,6926,electricity,73609
2050,6927,electricity,71805
2050,6928,electricity,70105
2050,6929,electricity,68319
2050,6930,electricity,66621
2050,6931,electricity,67576
2050,6932,electricity,73024
2050,6933,electricity,72223
2050,6934,electricity,66897
2050,6935,electricity,63818
2050,6936,electricity,66414
2050,6937,electricity,63757
2050,6938,electricity,57862
2050,6939,electricity,56208
2050,6940,electricity,53307
2050,6941,electricity,51906
2050,6942,electricity,53206
2050,6943,electricity,58633
2050,6944,electricity,67306
2050,6945,electricity,71898
2050,6946,electricity,73430
2050,6947,electricity,74012
2050,6948,electricity,74553
2050,6949,electricity,75205
2050,6950,electricity,74162
2050,6951,electricity,72323
2050,6952,electricity,70429
2050,6953,electricity,68706
2050,6954,electricity,67115
2050,6955,electricity,68123
2050,6956,electricity,74085
2050,6957,electricity,72713
2050,6958,electricity,67248
2050,6959,electricity,63953
2050,6960,electricity,66690
2050,6961,electricity,64331
2050,6962,electricity,58502
2050,6963,electricity,56737
2050,6964,electricity,53817
2050,6965,electricity,52245
2050,6966,electricity,53509
2050,6967,electricity,59221
2050,6968,electricity,68308
2050,6969,electricity,72523
2050,6970,electricity,73081
2050,6971,electricity,73247
2050,6972,electricity,74115
2050,6973,electricity,74467
2050,6974,electricity,73603
2050,6975,electricity,72040
2050,6976,electricity,70093
2050,6977,electricity,68259
2050,6978,electricity,66651
2050,6979,electricity,67868
2050,6980,electricity,74041
2050,6981,electricity,72552
2050,6982,electricity,67027
2050,6983,electricity,64112
2050,6984,electricity,66765
2050,6985,electricity,64291
2050,6986,electricity,58538
2050,6987,electricity,56783
2050,6988,electricity,53840
2050,6989,electricity,52578
2050,6990,electricity,53981
2050,6991,electricity,59657
2050,6992,electricity,68760
2050,6993,electricity,73199
2050,6994,electricity,74176
2050,6995,electricity,74551
2050,6996,electricity,74605
2050,6997,electricity,74820
2050,6998,electricity,73856
2050,6999,electricity,71433
2050,7000,electricity,69106
2050,7001,electricity,66530
2050,7002,electricity,65174
2050,7003,electricity,66164
2050,7004,electricity,71606
2050,7005,electricity,71085
2050,7006,electricity,66274
2050,7007,electricity,63509
2050,7008,electricity,66588
2050,7009,electricity,63722
2050,7010,electricity,57680
2050,7011,electricity,55664
2050,7012,electricity,52361
2050,7013,electricity,50515
2050,7014,electricity,50438
2050,7015,electricity,52583
2050,7016,electricity,55796
2050,7017,electricity,58828
2050,7018,electricity,62097
2050,7019,electricity,64454
2050,7020,electricity,65115
2050,7021,electricity,66410
2050,7022,electricity,66426
2050,7023,electricity,62937
2050,7024,electricity,60187
2050,7025,electricity,58022
2050,7026,electricity,56876
2050,7027,electricity,58167
2050,7028,electricity,64586
2050,7029,electricity,64938
2050,7030,electricity,61302
2050,7031,electricity,59797
2050,7032,electricity,63686
2050,7033,electricity,62103
2050,7034,electricity,56787
2050,7035,electricity,54937
2050,7036,electricity,51471
2050,7037,electricity,49366
2050,7038,electricity,49040
2050,7039,electricity,49971
2050,7040,electricity,52087
2050,7041,electricity,54069
2050,7042,electricity,57150
2050,7043,electricity,60203
2050,7044,electricity,62066
2050,7045,electricity,63882
2050,7046,electricity,63594
2050,7047,electricity,59263
2050,7048,electricity,56408
2050,7049,electricity,54282
2050,7050,electricity,53304
2050,7051,electricity,55539
2050,7052,electricity,63263
2050,7053,electricity,64955
2050,7054,electricity,61976
2050,7055,electricity,60365
2050,7056,electricity,63763
2050,7057,electricity,61933
2050,7058,electricity,56969
2050,7059,electricity,55379
2050,7060,electricity,52379
2050,7061,electricity,51370
2050,7062,electricity,53535
2050,7063,electricity,59520
2050,7064,electricity,67462
2050,7065,electricity,73020
2050,7066,electricity,75311
2050,7067,electricity,76381
2050,7068,electricity,77319
2050,7069,electricity,77989
2050,7070,electricity,77201
2050,7071,electricity,75712
2050,7072,electricity,73400
2050,7073,electricity,71236
2050,7074,electricity,69714
2050,7075,electricity,70838
2050,7076,electricity,78227
2050,7077,electricity,76970
2050,7078,electricity,71366
2050,7079,electricity,68511
2050,7080,electricity,71435
2050,7081,electricity,68567
2050,7082,electricity,62988
2050,7083,electricity,61350
2050,7084,electricity,58413
2050,7085,electricity,57197
2050,7086,electricity,59076
2050,7087,electricity,64900
2050,7088,electricity,73134
2050,7089,electricity,78729
2050,7090,electricity,80663
2050,7091,electricity,81153
2050,7092,electricity,80780
2050,7093,electricity,80404
2050,7094,electricity,78791
2050,7095,electricity,76232
2050,7096,electricity,73398
2050,7097,electricity,71143
2050,7098,electricity,69641
2050,7099,electricity,71170
2050,7100,electricity,79161
2050,7101,electricity,78004
2050,7102,electricity,72320
2050,7103,electricity,69440
2050,7104,electricity,72236
2050,7105,electricity,69738
2050,7106,electricity,64031
2050,7107,electricity,62228
2050,7108,electricity,58979
2050,7109,electricity,57432
2050,7110,electricity,58957
2050,7111,electricity,64509
2050,7112,electricity,72261
2050,7113,electricity,77787
2050,7114,electricity,79521
2050,7115,electricity,80144
2050,7116,electricity,80119
2050,7117,electricity,80326
2050,7118,electricity,79234
2050,7119,electricity,77075
2050,7120,electricity,74404
2050,7121,electricity,72081
2050,7122,electricity,70577
2050,7123,electricity,72185
2050,7124,electricity,79420
2050,7125,electricity,77678
2050,7126,electricity,71588
2050,7127,electricity,68560
2050,7128,electricity,71170
2050,7129,electricity,68523
2050,7130,electricity,62880
2050,7131,electricity,60910
2050,7132,electricity,57774
2050,7133,electricity,56025
2050,7134,electricity,57341
2050,7135,electricity,62803
2050,7136,electricity,70498
2050,7137,electricity,75842
2050,7138,electricity,77445
2050,7139,electricity,78536
2050,7140,electricity,79123
2050,7141,electricity,79441
2050,7142,electricity,78346
2050,7143,electricity,76265
2050,7144,electricity,73624
2050,7145,electricity,71222
2050,7146,electricity,69444
2050,7147,electricity,71428
2050,7148,electricity,78831
2050,7149,electricity,77298
2050,7150,electricity,71970
2050,7151,electricity,69023
2050,7152,electricity,72122
2050,7153,electricity,69857
2050,7154,electricity,64263
2050,7155,electricity,62595
2050,7156,electricity,59430
2050,7157,electricity,57949
2050,7158,electricity,59428
2050,7159,electricity,64420
2050,7160,electricity,71586
2050,7161,electricity,77077
2050,7162,electricity,79042
2050,7163,electricity,80282
2050,7164,electricity,80869
2050,7165,electricity,81250
2050,7166,electricity,80140
2050,7167,electricity,78016
2050,7168,electricity,75491
2050,7169,electricity,73311
2050,7170,electricity,71698
2050,7171,electricity,73744
2050,7172,electricity,79912
2050,7173,electricity,77871
2050,7174,electricity,73470
2050,7175,electricity,71084
2050,7176,electricity,74099
2050,7177,electricity,71606
2050,7178,electricity,65685
2050,7179,electricity,63586
2050,7180,electricity,60145
2050,7181,electricity,58016
2050,7182,electricity,58076
2050,7183,electricity,60471
2050,7184,electricity,63830
2050,7185,electricity,67293
2050,7186,electricity,70986
2050,7187,electricity,73835
2050,7188,electricity,74736
2050,7189,electricity,76089
2050,7190,electricity,76319
2050,7191,electricity,72583
2050,7192,electricity,70193
2050,7193,electricity,68274
2050,7194,electricity,67806
2050,7195,electricity,70505
2050,7196,electricity,77565
2050,7197,electricity,76658
2050,7198,electricity,72681
2050,7199,electricity,71524
2050,7200,electricity,75792
2050,7201,electricity,74134
2050,7202,electricity,68721
2050,7203,electricity,65653
2050,7204,electricity,61244
2050,7205,electricity,59685
2050,7206,electricity,60339
2050,7207,electricity,62615
2050,7208,electricity,64719
2050,7209,electricity,67358
2050,7210,electricity,71649
2050,7211,electricity,74253
2050,7212,electricity,76019
2050,7213,electricity,78195
2050,7214,electricity,77906
2050,7215,electricity,73957
2050,7216,electricity,71780
2050,7217,electricity,70956
2050,7218,electricity,72254
2050,7219,electricity,78827
2050,7220,electricity,82824
2050,7221,electricity,80995
2050,7222,electricity,77960
2050,7223,electricity,76295
2050,7224,electricity,79652
2050,7225,electricity,77923
2050,7226,electricity,72746
2050,7227,electricity,70977
2050,7228,electricity,67491
2050,7229,electricity,66344
2050,7230,electricity,69200
2050,7231,electricity,75628
2050,7232,electricity,83136
2050,7233,electricity,88360
2050,7234,electricity,92808
2050,7235,electricity,94711
2050,7236,electricity,95894
2050,7237,electricity,97369
2050,7238,electricity,97067
2050,7239,electricity,95652
2050,7240,electricity,93778
2050,7241,electricity,92481
2050,7242,electricity,92528
2050,7243,electricity,97718
2050,7244,electricity,100541
2050,7245,electricity,95389
2050,7246,electricity,89473
2050,7247,electricity,86337
2050,7248,electricity,88925
2050,7249,electricity,86068
2050,7250,electricity,80443
2050,7251,electricity,78593
2050,7252,electricity,75125
2050,7253,electricity,73694
2050,7254,electricity,75735
2050,7255,electricity,81867
2050,7256,electricity,88932
2050,7257,electricity,93421
2050,7258,electricity,96011
2050,7259,electricity,95925
2050,7260,electricity,95518
2050,7261,electricity,95499
2050,7262,electricity,93681
2050,7263,electricity,91135
2050,7264,electricity,88200
2050,7265,electricity,86664
2050,7266,electricity,86836
2050,7267,electricity,93765
2050,7268,electricity,97371
2050,7269,electricity,92958
2050,7270,electricity,87371
2050,7271,electricity,84360
2050,7272,electricity,87148
2050,7273,electricity,84618
2050,7274,electricity,78854
2050,7275,electricity,77163
2050,7276,electricity,73712
2050,7277,electricity,72107
2050,7278,electricity,73925
2050,7279,electricity,79556
2050,7280,electricity,86361
2050,7281,electricity,90425
2050,7282,electricity,93513
2050,7283,electricity,93944
2050,7284,electricity,93714
2050,7285,electricity,93549
2050,7286,electricity,92614
2050,7287,electricity,89911
2050,7288,electricity,87372
2050,7289,electricity,85664
2050,7290,electricity,85585
2050,7291,electricity,90269
2050,7292,electricity,91677
2050,7293,electricity,87337
2050,7294,electricity,82190
2050,7295,electricity,79532
2050,7296,electricity,82289
2050,7297,electricity,79967
2050,7298,electricity,74135
2050,7299,electricity,71775
2050,7300,electricity,67717
2050,7301,electricity,65317
2050,7302,electricity,64830
2050,7303,electricity,66516
2050,7304,electricity,68576
2050,7305,electricity,70053
2050,7306,electricity,73376
2050,7307,electricity,75166
2050,7308,electricity,75788
2050,7309,electricity,78152
2050,7310,electricity,78293
2050,7311,electricity,74434
2050,7312,electricity,71614
2050,7313,electricity,69977
2050,7314,electricity,70982
2050,7315,electricity,77838
2050,7316,electricity,81667
2050,7317,electricity,79427
2050,7318,electricity,75888
2050,7319,electricity,74360
2050,7320,electricity,78225
2050,7321,electricity,76495
2050,7322,electricity,71280
2050,7323,electricity,69780
2050,7324,electricity,66358
2050,7325,electricity,64986
2050,7326,electricity,66699
2050,7327,electricity,71441
2050,7328,electricity,76539
2050,7329,electricity,79681
2050,7330,electricity,82897
2050,7331,electricity,83731
2050,7332,electricity,83200
2050,7333,electricity,83256
2050,7334,electricity,82511
2050,7335,electricity,79287
2050,7336,electricity,76314
2050,7337,electricity,74646
2050,7338,electricity,75792
2050,7339,electricity,83726
2050,7340,electricity,87350
2050,7341,electricity,83787
2050,7342,electricity,79660
2050,7343,electricity,78183
2050,7344,electricity,81827
2050,7345,electricity,80046
2050,7346,electricity,74568
2050,7347,electricity,73134
2050,7348,electricity,69842
2050,7349,electricity,68112
2050,7350,electricity,68652
2050,7351,electricity,71238
2050,7352,electricity,74115
2050,7353,electricity,76563
2050,7354,electricity,80287
2050,7355,electricity,81705
2050,7356,electricity,81267
2050,7357,electricity,81596
2050,7358,electricity,80955
2050,7359,electricity,76601
2050,7360,electricity,73214
2050,7361,electricity,71090
2050,7362,electricity,72234
2050,7363,electricity,80164
2050,7364,electricity,83651
2050,7365,electricity,80776
2050,7366,electricity,77520
2050,7367,electricity,76150
2050,7368,electricity,80652
2050,7369,electricity,79070
2050,7370,electricity,74002
2050,7371,electricity,71979
2050,7372,electricity,68152
2050,7373,electricity,65590
2050,7374,electricity,65608
2050,7375,electricity,67086
2050,7376,electricity,68775
2050,7377,electricity,69916
2050,7378,electricity,73069
2050,7379,electricity,75412
2050,7380,electricity,76559
2050,7381,electricity,77454
2050,7382,electricity,76637
2050,7383,electricity,71381
2050,7384,electricity,68204
2050,7385,electricity,66342
2050,7386,electricity,67976
2050,7387,electricity,76162
2050,7388,electricity,80291
2050,7389,electricity,78092
2050,7390,electricity,75008
2050,7391,electricity,72826
2050,7392,electricity,75911
2050,7393,electricity,74446
2050,7394,electricity,69630
2050,7395,electricity,68099
2050,7396,electricity,64563
2050,7397,electricity,62874
2050,7398,electricity,65231
2050,7399,electricity,72635
2050,7400,electricity,82067
2050,7401,electricity,84827
2050,7402,electricity,86085
2050,7403,electricity,85868
2050,7404,electricity,85423
2050,7405,electricity,85182
2050,7406,electricity,84109
2050,7407,electricity,81938
2050,7408,electricity,79580
2050,7409,electricity,78040
2050,7410,electricity,79186
2050,7411,electricity,85539
2050,7412,electricity,88820
2050,7413,electricity,83689
2050,7414,electricity,77919
2050,7415,electricity,74639
2050,7416,electricity,77565
2050,7417,electricity,74910
2050,7418,electricity,69158
2050,7419,electricity,67349
2050,7420,electricity,64051
2050,7421,electricity,62490
2050,7422,electricity,64506
2050,7423,electricity,71191
2050,7424,electricity,80290
2050,7425,electricity,83223
2050,7426,electricity,84284
2050,7427,electricity,84561
2050,7428,electricity,84537
2050,7429,electricity,84959
2050,7430,electricity,84196
2050,7431,electricity,82066
2050,7432,electricity,80022
2050,7433,electricity,79043
2050,7434,electricity,79813
2050,7435,electricity,86354
2050,7436,electricity,89158
2050,7437,electricity,84561
2050,7438,electricity,78949
2050,7439,electricity,76028
2050,7440,electricity,78687
2050,7441,electricity,76118
2050,7442,electricity,70609
2050,7443,electricity,68830
2050,7444,electricity,65946
2050,7445,electricity,64690
2050,7446,electricity,66560
2050,7447,electricity,72601
2050,7448,electricity,80806
2050,7449,electricity,84120
2050,7450,electricity,86312
2050,7451,electricity,86891
2050,7452,electricity,87597
2050,7453,electricity,88756
2050,7454,electricity,87794
2050,7455,electricity,85732
2050,7456,electricity,83624
2050,7457,electricity,82332
2050,7458,electricity,83142
2050,7459,electricity,88972
2050,7460,electricity,91836
2050,7461,electricity,87082
2050,7462,electricity,81272
2050,7463,electricity,78068
2050,7464,electricity,81253
2050,7465,electricity,78875
2050,7466,electricity,73253
2050,7467,electricity,71671
2050,7468,electricity,68647
2050,7469,electricity,67130
2050,7470,electricity,69377
2050,7471,electricity,76255
2050,7472,electricity,85851
2050,7473,electricity,88769
2050,7474,electricity,89874
2050,7475,electricity,89038
2050,7476,electricity,88132
2050,7477,electricity,87834
2050,7478,electricity,86053
2050,7479,electricity,83929
2050,7480,electricity,81680
2050,7481,electricity,80447
2050,7482,electricity,82377
2050,7483,electricity,89263
2050,7484,electricity,91893
2050,7485,electricity,86899
2050,7486,electricity,81438
2050,7487,electricity,78357
2050,7488,electricity,81139
2050,7489,electricity,78495
2050,7490,electricity,72863
2050,7491,electricity,71088
2050,7492,electricity,67766
2050,7493,electricity,66174
2050,7494,electricity,68275
2050,7495,electricity,74874
2050,7496,electricity,84078
2050,7497,electricity,87230
2050,7498,electricity,88419
2050,7499,electricity,87925
2050,7500,electricity,87224
2050,7501,electricity,86389
2050,7502,electricity,84822
2050,7503,electricity,81932
2050,7504,electricity,79528
2050,7505,electricity,77893
2050,7506,electricity,79314
2050,7507,electricity,85613
2050,7508,electricity,87378
2050,7509,electricity,83535
2050,7510,electricity,79007
2050,7511,electricity,76358
2050,7512,electricity,79111
2050,7513,electricity,76417
2050,7514,electricity,70140
2050,7515,electricity,67736
2050,7516,electricity,63937
2050,7517,electricity,61587
2050,7518,electricity,61462
2050,7519,electricity,63476
2050,7520,electricity,66384
2050,7521,electricity,68618
2050,7522,electricity,72450
2050,7523,electricity,74529
2050,7524,electricity,75431
2050,7525,electricity,77471
2050,7526,electricity,77619
2050,7527,electricity,73828
2050,7528,electricity,70915
2050,7529,electricity,69277
2050,7530,electricity,70801
2050,7531,electricity,76382
2050,7532,electricity,78334
2050,7533,electricity,75156
2050,7534,electricity,71370
2050,7535,electricity,69936
2050,7536,electricity,73865
2050,7537,electricity,72376
2050,7538,electricity,66879
2050,7539,electricity,64569
2050,7540,electricity,60376
2050,7541,electricity,57961
2050,7542,electricity,57571
2050,7543,electricity,58776
2050,7544,electricity,60487
2050,7545,electricity,61611
2050,7546,electricity,65339
2050,7547,electricity,68201
2050,7548,electricity,69941
2050,7549,electricity,72342
2050,7550,electricity,72616
2050,7551,electricity,68119
2050,7552,electricity,65003
2050,7553,electricity,63509
2050,7554,electricity,65537
2050,7555,electricity,72230
2050,7556,electricity,75809
2050,7557,electricity,73640
2050,7558,electricity,70392
2050,7559,electricity,68248
2050,7560,electricity,71547
2050,7561,electricity,69924
2050,7562,electricity,65048
2050,7563,electricity,63374
2050,7564,electricity,59999
2050,7565,electricity,58184
2050,7566,electricity,60773
2050,7567,electricity,68010
2050,7568,electricity,77331
2050,7569,electricity,80978
2050,7570,electricity,82724
2050,7571,electricity,83221
2050,7572,electricity,83497
2050,7573,electricity,83843
2050,7574,electricity,83013
2050,7575,electricity,81053
2050,7576,electricity,78785
2050,7577,electricity,77543
2050,7578,electricity,78896
2050,7579,electricity,85144
2050,7580,electricity,87755
2050,7581,electricity,82876
2050,7582,electricity,77334
2050,7583,electricity,74091
2050,7584,electricity,76911
2050,7585,electricity,74390
2050,7586,electricity,68669
2050,7587,electricity,66823
2050,7588,electricity,63744
2050,7589,electricity,62017
2050,7590,electricity,64086
2050,7591,electricity,70833
2050,7592,electricity,80288
2050,7593,electricity,83827
2050,7594,electricity,84971
2050,7595,electricity,84404
2050,7596,electricity,83906
2050,7597,electricity,83790
2050,7598,electricity,82875
2050,7599,electricity,80499
2050,7600,electricity,77956
2050,7601,electricity,76252
2050,7602,electricity,78379
2050,7603,electricity,85463
2050,7604,electricity,88460
2050,7605,electricity,84062
2050,7606,electricity,78383
2050,7607,electricity,75699
2050,7608,electricity,78742
2050,7609,electricity,76431
2050,7610,electricity,70880
2050,7611,electricity,69623
2050,7612,electricity,66484
2050,7613,electricity,65039
2050,7614,electricity,67263
2050,7615,electricity,73709
2050,7616,electricity,82740
2050,7617,electricity,86345
2050,7618,electricity,87888
2050,7619,electricity,87295
2050,7620,electricity,86661
2050,7621,electricity,86113
2050,7622,electricity,84616
2050,7623,electricity,81892
2050,7624,electricity,79203
2050,7625,electricity,77697
2050,7626,electricity,79908
2050,7627,electricity,86967
2050,7628,electricity,89680
2050,7629,electricity,84667
2050,7630,electricity,78901
2050,7631,electricity,75776
2050,7632,electricity,78643
2050,7633,electricity,76361
2050,7634,electricity,71038
2050,7635,electricity,69598
2050,7636,electricity,66099
2050,7637,electricity,64337
2050,7638,electricity,66378
2050,7639,electricity,73231
2050,7640,electricity,82766
2050,7641,electricity,85886
2050,7642,electricity,86565
2050,7643,electricity,86400
2050,7644,electricity,86339
2050,7645,electricity,86260
2050,7646,electricity,85129
2050,7647,electricity,83098
2050,7648,electricity,80806
2050,7649,electricity,79509
2050,7650,electricity,81613
2050,7651,electricity,87996
2050,7652,electricity,90254
2050,7653,electricity,85481
2050,7654,electricity,79767
2050,7655,electricity,76798
2050,7656,electricity,79705
2050,7657,electricity,77291
2050,7658,electricity,71587
2050,7659,electricity,70164
2050,7660,electricity,66847
2050,7661,electricity,65316
2050,7662,electricity,67270
2050,7663,electricity,74119
2050,7664,electricity,83535
2050,7665,electricity,87195
2050,7666,electricity,88344
2050,7667,electricity,88438
2050,7668,electricity,88568
2050,7669,electricity,88805
2050,7670,electricity,87722
2050,7671,electricity,85182
2050,7672,electricity,82675
2050,7673,electricity,81190
2050,7674,electricity,83110
2050,7675,electricity,88713
2050,7676,electricity,90065
2050,7677,electricity,85967
2050,7678,electricity,80823
2050,7679,electricity,78341
2050,7680,electricity,81413
2050,7681,electricity,78919
2050,7682,electricity,72657
2050,7683,electricity,70756
2050,7684,electricity,67353
2050,7685,electricity,65476
2050,7686,electricity,65732
2050,7687,electricity,68136
2050,7688,electricity,71661
2050,7689,electricity,74231
2050,7690,electricity,78684
2050,7691,electricity,81417
2050,7692,electricity,82408
2050,7693,electricity,84327
2050,7694,electricity,83805
2050,7695,electricity,79700
2050,7696,electricity,76861
2050,7697,electricity,75294
2050,7698,electricity,77531
2050,7699,electricity,83993
2050,7700,electricity,86190
2050,7701,electricity,82712
2050,7702,electricity,79326
2050,7703,electricity,78139
2050,7704,electricity,82487
2050,7705,electricity,81147
2050,7706,electricity,76300
2050,7707,electricity,74624
2050,7708,electricity,71002
2050,7709,electricity,68690
2050,7710,electricity,68605
2050,7711,electricity,70434
2050,7712,electricity,72552
2050,7713,electricity,74011
2050,7714,electricity,77808
2050,7715,electricity,80402
2050,7716,electricity,81126
2050,7717,electricity,82253
2050,7718,electricity,81579
2050,7719,electricity,76127
2050,7720,electricity,72827
2050,7721,electricity,71546
2050,7722,electricity,74878
2050,7723,electricity,83202
2050,7724,electricity,87203
2050,7725,electricity,85493
2050,7726,electricity,82906
2050,7727,electricity,81229
2050,7728,electricity,85232
2050,7729,electricity,84013
2050,7730,electricity,79613
2050,7731,electricity,78791
2050,7732,electricity,75971
2050,7733,electricity,74849
2050,7734,electricity,78048
2050,7735,electricity,85847
2050,7736,electricity,96337
2050,7737,electricity,100754
2050,7738,electricity,102179
2050,7739,electricity,101888
2050,7740,electricity,101344
2050,7741,electricity,101331
2050,7742,electricity,100435
2050,7743,electricity,98311
2050,7744,electricity,96465
2050,7745,electricity,95704
2050,7746,electricity,98194
2050,7747,electricity,104458
2050,7748,electricity,107329
2050,7749,electricity,101931
2050,7750,electricity,96054
2050,7751,electricity,92486
2050,7752,electricity,95371
2050,7753,electricity,92979
2050,7754,electricity,87754
2050,7755,electricity,86333
2050,7756,electricity,82924
2050,7757,electricity,81369
2050,7758,electricity,83631
2050,7759,electricity,90718
2050,7760,electricity,100516
2050,7761,electricity,103941
2050,7762,electricity,105139
2050,7763,electricity,105745
2050,7764,electricity,105802
2050,7765,electricity,106116
2050,7766,electricity,105269
2050,7767,electricity,103060
2050,7768,electricity,100765
2050,7769,electricity,99831
2050,7770,electricity,102122
2050,7771,electricity,107156
2050,7772,electricity,109195
2050,7773,electricity,104097
2050,7774,electricity,98292
2050,7775,electricity,95091
2050,7776,electricity,97747
2050,7777,electricity,94983
2050,7778,electricity,89932
2050,7779,electricity,88853
2050,7780,electricity,85558
2050,7781,electricity,84093
2050,7782,electricity,86262
2050,7783,electricity,93591
2050,7784,electricity,102590
2050,7785,electricity,106449
2050,7786,electricity,108302
2050,7787,electricity,107635
2050,7788,electricity,106177
2050,7789,electricity,105210
2050,7790,electricity,103052
2050,7791,electricity,99949
2050,7792,electricity,96953
2050,7793,electricity,95870
2050,7794,electricity,98666
2050,7795,electricity,105148
2050,7796,electricity,107366
2050,7797,electricity,102404
2050,7798,electricity,96697
2050,7799,electricity,93307
2050,7800,electricity,95990
2050,7801,electricity,93873
2050,7802,electricity,89145
2050,7803,electricity,88159
2050,7804,electricity,84599
2050,7805,electricity,82818
2050,7806,electricity,84671
2050,7807,electricity,91591
2050,7808,electricity,101197
2050,7809,electricity,104457
2050,7810,electricity,105018
2050,7811,electricity,104690
2050,7812,electricity,104003
2050,7813,electricity,103393
2050,7814,electricity,101679
2050,7815,electricity,98936
2050,7816,electricity,95842
2050,7817,electricity,94541
2050,7818,electricity,97097
2050,7819,electricity,103171
2050,7820,electricity,105360
2050,7821,electricity,100038
2050,7822,electricity,93712
2050,7823,electricity,90339
2050,7824,electricity,92984
2050,7825,electricity,90500
2050,7826,electricity,85527
2050,7827,electricity,84237
2050,7828,electricity,80721
2050,7829,electricity,78896
2050,7830,electricity,80964
2050,7831,electricity,87650
2050,7832,electricity,97285
2050,7833,electricity,101241
2050,7834,electricity,102359
2050,7835,electricity,102318
2050,7836,electricity,101818
2050,7837,electricity,101253
2050,7838,electricity,100031
2050,7839,electricity,97511
2050,7840,electricity,94959
2050,7841,electricity,93666
2050,7842,electricity,95652
2050,7843,electricity,100350
2050,7844,electricity,101094
2050,7845,electricity,96178
2050,7846,electricity,90964
2050,7847,electricity,88207
2050,7848,electricity,90651
2050,7849,electricity,88076
2050,7850,electricity,81831
2050,7851,electricity,79552
2050,7852,electricity,75766
2050,7853,electricity,73427
2050,7854,electricity,73557
2050,7855,electricity,76140
2050,7856,electricity,79509
2050,7857,electricity,82424
2050,7858,electricity,85647
2050,7859,electricity,87288
2050,7860,electricity,87092
2050,7861,electricity,87653
2050,7862,electricity,87208
2050,7863,electricity,82995
2050,7864,electricity,79722
2050,7865,electricity,78368
2050,7866,electricity,81093
2050,7867,electricity,87380
2050,7868,electricity,89530
2050,7869,electricity,86247
2050,7870,electricity,82721
2050,7871,electricity,81248
2050,7872,electricity,85731
2050,7873,electricity,84502
2050,7874,electricity,79403
2050,7875,electricity,77612
2050,7876,electricity,73417
2050,7877,electricity,70567
2050,7878,electricity,70247
2050,7879,electricity,71424
2050,7880,electricity,73390
2050,7881,electricity,75041
2050,7882,electricity,78769
2050,7883,electricity,82553
2050,7884,electricity,84881
2050,7885,electricity,87283
2050,7886,electricity,87249
2050,7887,electricity,82852
2050,7888,electricity,79862
2050,7889,electricity,78728
2050,7890,electricity,81032
2050,7891,electricity,86828
2050,7892,electricity,90058
2050,7893,electricity,87966
2050,7894,electricity,84634
2050,7895,electricity,82374
2050,7896,electricity,85822
2050,7897,electricity,84151
2050,7898,electricity,79428
2050,7899,electricity,78153
2050,7900,electricity,74696
2050,7901,electricity,73016
2050,7902,electricity,75613
2050,7903,electricity,83050
2050,7904,electricity,93245
2050,7905,electricity,97799
2050,7906,electricity,99096
2050,7907,electricity,99625
2050,7908,electricity,99837
2050,7909,electricity,100250
2050,7910,electricity,100022
2050,7911,electricity,98211
2050,7912,electricity,95728
2050,7913,electricity,94577
2050,7914,electricity,97017
2050,7915,electricity,102452
2050,7916,electricity,104983
2050,7917,electricity,99231
2050,7918,electricity,92905
2050,7919,electricity,89610
2050,7920,electricity,92462
2050,7921,electricity,89920
2050,7922,electricity,84753
2050,7923,electricity,83183
2050,7924,electricity,80022
2050,7925,electricity,78308
2050,7926,electricity,80501
2050,7927,electricity,87721
2050,7928,electricity,97672
2050,7929,electricity,101826
2050,7930,electricity,102153
2050,7931,electricity,101642
2050,7932,electricity,101039
2050,7933,electricity,100391
2050,7934,electricity,99198
2050,7935,electricity,96899
2050,7936,electricity,95002
2050,7937,electricity,94346
2050,7938,electricity,97186
2050,7939,electricity,102185
2050,7940,electricity,104127
2050,7941,electricity,98799
2050,7942,electricity,92815
2050,7943,electricity,89515
2050,7944,electricity,92004
2050,7945,electricity,89523
2050,7946,electricity,84043
2050,7947,electricity,82274
2050,7948,electricity,78984
2050,7949,electricity,76947
2050,7950,electricity,78794
2050,7951,electricity,85122
2050,7952,electricity,93883
2050,7953,electricity,97577
2050,7954,electricity,98552
2050,7955,electricity,98641
2050,7956,electricity,98326
2050,7957,electricity,98216
2050,7958,electricity,96895
2050,7959,electricity,94357
2050,7960,electricity,91642
2050,7961,electricity,90455
2050,7962,electricity,93299
2050,7963,electricity,98489
2050,7964,electricity,100464
2050,7965,electricity,95264
2050,7966,electricity,89365
2050,7967,electricity,85988
2050,7968,electricity,88707
2050,7969,electricity,86337
2050,7970,electricity,80870
2050,7971,electricity,79029
2050,7972,electricity,75746
2050,7973,electricity,73902
2050,7974,electricity,75614
2050,7975,electricity,82204
2050,7976,electricity,91857
2050,7977,electricity,95835
2050,7978,electricity,96060
2050,7979,electricity,95454
2050,7980,electricity,94793
2050,7981,electricity,94285
2050,7982,electricity,92442
2050,7983,electricity,89966
2050,7984,electricity,87368
2050,7985,electricity,86606
2050,7986,electricity,89542
2050,7987,electricity,95027
2050,7988,electricity,97056
2050,7989,electricity,92308
2050,7990,electricity,86767
2050,7991,electricity,83385
2050,7992,electricity,86338
2050,7993,electricity,83892
2050,7994,electricity,78318
2050,7995,electricity,76807
2050,7996,electricity,73292
2050,7997,electricity,71480
2050,7998,electricity,73257
2050,7999,electricity,79813
2050,8000,electricity,89102
2050,8001,electricity,93261
2050,8002,electricity,93957
2050,8003,electricity,93974
2050,8004,electricity,93333
2050,8005,electricity,93122
2050,8006,electricity,91896
2050,8007,electricity,89624
2050,8008,electricity,86931
2050,8009,electricity,85415
2050,8010,electricity,88079
2050,8011,electricity,93163
2050,8012,electricity,94574
2050,8013,electricity,90639
2050,8014,electricity,86107
2050,8015,electricity,83721
2050,8016,electricity,86955
2050,8017,electricity,84362
2050,8018,electricity,78433
2050,8019,electricity,76393
2050,8020,electricity,72669
2050,8021,electricity,70282
2050,8022,electricity,70291
2050,8023,electricity,72652
2050,8024,electricity,75989
2050,8025,electricity,78962
2050,8026,electricity,82233
2050,8027,electricity,84103
2050,8028,electricity,84621
2050,8029,electricity,86099
2050,8030,electricity,85984
2050,8031,electricity,82482
2050,8032,electricity,79959
2050,8033,electricity,78871
2050,8034,electricity,81406
2050,8035,electricity,85681
2050,8036,electricity,87011
2050,8037,electricity,83676
2050,8038,electricity,80117
2050,8039,electricity,78314
2050,8040,electricity,82290
2050,8041,electricity,80773
2050,8042,electricity,75182
2050,8043,electricity,72646
2050,8044,electricity,68344
2050,8045,electricity,65613
2050,8046,electricity,64709
2050,8047,electricity,65949
2050,8048,electricity,67417
2050,8049,electricity,69061
2050,8050,electricity,71930
2050,8051,electricity,75529
2050,8052,electricity,77720
2050,8053,electricity,79873
2050,8054,electricity,79966
2050,8055,electricity,75900
2050,8056,electricity,73182
2050,8057,electricity,72016
2050,8058,electricity,74406
2050,8059,electricity,78990
2050,8060,electricity,81729
2050,8061,electricity,79430
2050,8062,electricity,76048
2050,8063,electricity,73871
2050,8064,electricity,76809
2050,8065,electricity,75225
2050,8066,electricity,70411
2050,8067,electricity,68694
2050,8068,electricity,65236
2050,8069,electricity,63183
2050,8070,electricity,65323
2050,8071,electricity,72153
2050,8072,electricity,81607
2050,8073,electricity,85798
2050,8074,electricity,86344
2050,8075,electricity,86181
2050,8076,electricity,86651
2050,8077,electricity,87557
2050,8078,electricity,87486
2050,8079,electricity,86340
2050,8080,electricity,84206
2050,8081,electricity,83246
2050,8082,electricity,85347
2050,8083,electricity,89848
2050,8084,electricity,91932
2050,8085,electricity,87143
2050,8086,electricity,81315
2050,8087,electricity,78013
2050,8088,electricity,80730
2050,8089,electricity,78480
2050,8090,electricity,72728
2050,8091,electricity,71028
2050,8092,electricity,67695
2050,8093,electricity,66001
2050,8094,electricity,68015
2050,8095,electricity,74779
2050,8096,electricity,84545
2050,8097,electricity,88734
2050,8098,electricity,88698
2050,8099,electricity,87895
2050,8100,electricity,87251
2050,8101,electricity,87040
2050,8102,electricity,86102
2050,8103,electricity,84238
2050,8104,electricity,82455
2050,8105,electricity,81974
2050,8106,electricity,85670
2050,8107,electricity,90986
2050,8108,electricity,93336
2050,8109,electricity,89021
2050,8110,electricity,83766
2050,8111,electricity,80707
2050,8112,electricity,83675
2050,8113,electricity,81185
2050,8114,electricity,75602
2050,8115,electricity,73980
2050,8116,electricity,70753
2050,8117,electricity,69358
2050,8118,electricity,71353
2050,8119,electricity,77883
2050,8120,electricity,87065
2050,8121,electricity,91945
2050,8122,electricity,92203
2050,8123,electricity,91655
2050,8124,electricity,91186
2050,8125,electricity,91183
2050,8126,electricity,90065
2050,8127,electricity,88000
2050,8128,electricity,85543
2050,8129,electricity,85072
2050,8130,electricity,88028
2050,8131,electricity,92683
2050,8132,electricity,94683
2050,8133,electricity,89616
2050,8134,electricity,84148
2050,8135,electricity,80839
2050,8136,electricity,83340
2050,8137,electricity,80846
2050,8138,electricity,75435
2050,8139,electricity,73528
2050,8140,electricity,69880
2050,8141,electricity,68170
2050,8142,electricity,69535
2050,8143,electricity,76051
2050,8144,electricity,85200
2050,8145,electricity,89285
2050,8146,electricity,88940
2050,8147,electricity,88524
2050,8148,electricity,88738
2050,8149,electricity,88911
2050,8150,electricity,88064
2050,8151,electricity,86390
2050,8152,electricity,84503
2050,8153,electricity,83675
2050,8154,electricity,86432
2050,8155,electricity,90690
2050,8156,electricity,92529
2050,8157,electricity,88035
2050,8158,electricity,82648
2050,8159,electricity,79255
2050,8160,electricity,81752
2050,8161,electricity,79588
2050,8162,electricity,73916
2050,8163,electricity,72091
2050,8164,electricity,68680
2050,8165,electricity,67177
2050,8166,electricity,68803
2050,8167,electricity,75387
2050,8168,electricity,84753
2050,8169,electricity,89179
2050,8170,electricity,89390
2050,8171,electricity,88993
2050,8172,electricity,89095
2050,8173,electricity,89416
2050,8174,electricity,88669
2050,8175,electricity,86738
2050,8176,electricity,84848
2050,8177,electricity,84249
2050,8178,electricity,86968
2050,8179,electricity,91662
2050,8180,electricity,92781
2050,8181,electricity,89217
2050,8182,electricity,84606
2050,8183,electricity,82357
2050,8184,electricity,85578
2050,8185,electricity,83118
2050,8186,electricity,77418
2050,8187,electricity,75196
2050,8188,electricity,71651
2050,8189,electricity,69494
2050,8190,electricity,69721
2050,8191,electricity,72182
2050,8192,electricity,75400
2050,8193,electricity,78616
2050,8194,electricity,81119
2050,8195,electricity,82810
2050,8196,electricity,83175
2050,8197,electricity,85089
2050,8198,electricity,85307
2050,8199,electricity,81844
2050,8200,electricity,79549
2050,8201,electricity,78413
2050,8202,electricity,80714
2050,8203,electricity,84755
2050,8204,electricity,86027
2050,8205,electricity,82807
2050,8206,electricity,79096
2050,8207,electricity,77286
2050,8208,electricity,81222
2050,8209,electricity,79634
2050,8210,electricity,74378
2050,8211,electricity,72097
2050,8212,electricity,68262
2050,8213,electricity,65534
2050,8214,electricity,65119
2050,8215,electricity,66210
2050,8216,electricity,68117
2050,8217,electricity,70272
2050,8218,electricity,73646
2050,8219,electricity,77092
2050,8220,electricity,78839
2050,8221,electricity,81621
2050,8222,electricity,81609
2050,8223,electricity,77499
2050,8224,electricity,74883
2050,8225,electricity,73695
2050,8226,electricity,77142
2050,8227,electricity,82820
2050,8228,electricity,85867
2050,8229,electricity,83666
2050,8230,electricity,80323
2050,8231,electricity,78109
2050,8232,electricity,81842
2050,8233,electricity,80121
2050,8234,electricity,75488
2050,8235,electricity,74013
2050,8236,electricity,71120
2050,8237,electricity,69692
2050,8238,electricity,72389
2050,8239,electricity,79679
2050,8240,electricity,89906
2050,8241,electricity,95035
2050,8242,electricity,95473
2050,8243,electricity,94687
2050,8244,electricity,94107
2050,8245,electricity,93858
2050,8246,electricity,92609
2050,8247,electricity,90781
2050,8248,electricity,88631
2050,8249,electricity,88112
2050,8250,electricity,91715
2050,8251,electricity,97488
2050,8252,electricity,100494
2050,8253,electricity,95741
2050,8254,electricity,90540
2050,8255,electricity,87359
2050,8256,electricity,90540
2050,8257,electricity,88078
2050,8258,electricity,82766
2050,8259,electricity,81322
2050,8260,electricity,78644
2050,8261,electricity,77513
2050,8262,electricity,79993
2050,8263,electricity,87470
2050,8264,electricity,97626
2050,8265,electricity,102757
2050,8266,electricity,102523
2050,8267,electricity,101211
2050,8268,electricity,100088
2050,8269,electricity,99068
2050,8270,electricity,97216
2050,8271,electricity,94453
2050,8272,electricity,91651
2050,8273,electricity,91621
2050,8274,electricity,95937
2050,8275,electricity,102071
2050,8276,electricity,104816
2050,8277,electricity,100376
2050,8278,electricity,95002
2050,8279,electricity,92077
2050,8280,electricity,94960
2050,8281,electricity,92858
2050,8282,electricity,87335
2050,8283,electricity,85912
2050,8284,electricity,82951
2050,8285,electricity,81539
2050,8286,electricity,83781
2050,8287,electricity,90696
2050,8288,electricity,100070
2050,8289,electricity,105739
2050,8290,electricity,106717
2050,8291,electricity,106503
2050,8292,electricity,106000
2050,8293,electricity,105451
2050,8294,electricity,103478
2050,8295,electricity,100996
2050,8296,electricity,98174
2050,8297,electricity,97843
2050,8298,electricity,101966
2050,8299,electricity,107711
2050,8300,electricity,109747
2050,8301,electricity,105150
2050,8302,electricity,99541
2050,8303,electricity,96251
2050,8304,electricity,98857
2050,8305,electricity,96847
2050,8306,electricity,91828
2050,8307,electricity,90509
2050,8308,electricity,87475
2050,8309,electricity,85756
2050,8310,electricity,87715
2050,8311,electricity,94780
2050,8312,electricity,104606
2050,8313,electricity,109682
2050,8314,electricity,109611
2050,8315,electricity,109596
2050,8316,electricity,109803
2050,8317,electricity,109823
2050,8318,electricity,108637
2050,8319,electricity,106560
2050,8320,electricity,104760
2050,8321,electricity,104446
2050,8322,electricity,107942
2050,8323,electricity,113208
2050,8324,electricity,114978
2050,8325,electricity,109588
2050,8326,electricity,103378
2050,8327,electricity,99766
2050,8328,electricity,102245
2050,8329,electricity,99910
2050,8330,electricity,94663
2050,8331,electricity,93301
2050,8332,electricity,90307
2050,8333,electricity,88676
2050,8334,electricity,90965
2050,8335,electricity,98034
2050,8336,electricity,108348
2050,8337,electricity,113789
2050,8338,electricity,113781
2050,8339,electricity,113212
2050,8340,electricity,112084
2050,8341,electricity,110921
2050,8342,electricity,109136
2050,8343,electricity,106422
2050,8344,electricity,104016
2050,8345,electricity,103535
2050,8346,electricity,107282
2050,8347,electricity,112536
2050,8348,electricity,113520
2050,8349,electricity,108971
2050,8350,electricity,103809
2050,8351,electricity,100884
2050,8352,electricity,103724
2050,8353,electricity,101227
2050,8354,electricity,95469
2050,8355,electricity,93454
2050,8356,electricity,89792
2050,8357,electricity,87466
2050,8358,electricity,87775
2050,8359,electricity,90135
2050,8360,electricity,93787
2050,8361,electricity,97716
2050,8362,electricity,101108
2050,8363,electricity,103138
2050,8364,electricity,103838
2050,8365,electricity,105358
2050,8366,electricity,105416
2050,8367,electricity,101771
2050,8368,electricity,98834
2050,8369,electricity,97586
2050,8370,electricity,100093
2050,8371,electricity,103529
2050,8372,electricity,104618
2050,8373,electricity,101192
2050,8374,electricity,97118
2050,8375,electricity,94750
2050,8376,electricity,97902
2050,8377,electricity,96063
2050,8378,electricity,90369
2050,8379,electricity,87694
2050,8380,electricity,83178
2050,8381,electricity,80082
2050,8382,electricity,79256
2050,8383,electricity,80186
2050,8384,electricity,81909
2050,8385,electricity,84245
2050,8386,electricity,87497
2050,8387,electricity,91527
2050,8388,electricity,93842
2050,8389,electricity,95942
2050,8390,electricity,95749
2050,8391,electricity,91382
2050,8392,electricity,88307
2050,8393,electricity,86961
2050,8394,electricity,89560
2050,8395,electricity,94110
2050,8396,electricity,96612
2050,8397,electricity,94255
2050,8398,electricity,90323
2050,8399,electricity,87714
2050,8400,electricity,90455
2050,8401,electricity,89005
2050,8402,electricity,84339
2050,8403,electricity,83195
2050,8404,electricity,79835
2050,8405,electricity,78105
2050,8406,electricity,80637
2050,8407,electricity,87894
2050,8408,electricity,98153
2050,8409,electricity,103701
2050,8410,electricity,103963
2050,8411,electricity,102998
2050,8412,electricity,101698
2050,8413,electricity,100898
2050,8414,electricity,99341
2050,8415,electricity,96961
2050,8416,electricity,94722
2050,8417,electricity,94285
2050,8418,electricity,97843
2050,8419,electricity,103328
2050,8420,electricity,105856
2050,8421,electricity,101013
2050,8422,electricity,95391
2050,8423,electricity,92167
2050,8424,electricity,94769
2050,8425,electricity,92624
2050,8426,electricity,87417
2050,8427,electricity,85953
2050,8428,electricity,82838
2050,8429,electricity,81225
2050,8430,electricity,83428
2050,8431,electricity,90389
2050,8432,electricity,100294
2050,8433,electricity,105516
2050,8434,electricity,105331
2050,8435,electricity,104455
2050,8436,electricity,103492
2050,8437,electricity,103077
2050,8438,electricity,101967
2050,8439,electricity,100090
2050,8440,electricity,97977
2050,8441,electricity,97671
2050,8442,electricity,100863
2050,8443,electricity,105148
2050,8444,electricity,106818
2050,8445,electricity,102009
2050,8446,electricity,95740
2050,8447,electricity,92138
2050,8448,electricity,94157
2050,8449,electricity,91394
2050,8450,electricity,85644
2050,8451,electricity,83776
2050,8452,electricity,80026
2050,8453,electricity,78133
2050,8454,electricity,79601
2050,8455,electricity,85675
2050,8456,electricity,94346
2050,8457,electricity,99616
2050,8458,electricity,100081
2050,8459,electricity,100087
2050,8460,electricity,99990
2050,8461,electricity,100217
2050,8462,electricity,99200
2050,8463,electricity,97164
2050,8464,electricity,94374
2050,8465,electricity,93520
2050,8466,electricity,95984
2050,8467,electricity,100994
2050,8468,electricity,102967
2050,8469,electricity,98372
2050,8470,electricity,92655
2050,8471,electricity,89329
2050,8472,electricity,92070
2050,8473,electricity,90043
2050,8474,electricity,84869
2050,8475,electricity,83293
2050,8476,electricity,80024
2050,8477,electricity,78267
2050,8478,electricity,79916
2050,8479,electricity,86566
2050,8480,electricity,96382
2050,8481,electricity,101347
2050,8482,electricity,100849
2050,8483,electricity,99580
2050,8484,electricity,98390
2050,8485,electricity,97503
2050,8486,electricity,96220
2050,8487,electricity,94037
2050,8488,electricity,91746
2050,8489,electricity,90856
2050,8490,electricity,94134
2050,8491,electricity,99311
2050,8492,electricity,101382
2050,8493,electricity,96961
2050,8494,electricity,91459
2050,8495,electricity,88142
2050,8496,electricity,90701
2050,8497,electricity,88234
2050,8498,electricity,82822
2050,8499,electricity,81035
2050,8500,electricity,77481
2050,8501,electricity,75401
2050,8502,electricity,76813
2050,8503,electricity,83007
2050,8504,electricity,91900
2050,8505,electricity,96499
2050,8506,electricity,96399
2050,8507,electricity,95735
2050,8508,electricity,95158
2050,8509,electricity,94801
2050,8510,electricity,93612
2050,8511,electricity,90862
2050,8512,electricity,88210
2050,8513,electricity,86471
2050,8514,electricity,88509
2050,8515,electricity,92383
2050,8516,electricity,92911
2050,8517,electricity,88842
2050,8518,electricity,84057
2050,8519,electricity,81427
2050,8520,electricity,83995
2050,8521,electricity,81232
2050,8522,electricity,75262
2050,8523,electricity,73111
2050,8524,electricity,68922
2050,8525,electricity,66372
2050,8526,electricity,66332
2050,8527,electricity,68665
2050,8528,electricity,72011
2050,8529,electricity,75611
2050,8530,electricity,78204
2050,8531,electricity,79861
2050,8532,electricity,80186
2050,8533,electricity,81768
2050,8534,electricity,82047
2050,8535,electricity,78438
2050,8536,electricity,75784
2050,8537,electricity,74311
2050,8538,electricity,76824
2050,8539,electricity,81668
2050,8540,electricity,83380
2050,8541,electricity,81039
2050,8542,electricity,77376
2050,8543,electricity,75773
2050,8544,electricity,79478
2050,8545,electricity,77618
2050,8546,electricity,72433
2050,8547,electricity,70366
2050,8548,electricity,66292
2050,8549,electricity,63594
2050,8550,electricity,63224
2050,8551,electricity,64542
2050,8552,electricity,66475
2050,8553,electricity,69034
2050,8554,electricity,71809
2050,8555,electricity,74839
2050,8556,electricity,76500
2050,8557,electricity,78404
2050,8558,electricity,78565
2050,8559,electricity,74941
2050,8560,electricity,72304
2050,8561,electricity,70988
2050,8562,electricity,73134
2050,8563,electricity,77536
2050,8564,electricity,79433
2050,8565,electricity,77577
2050,8566,electricity,74590
2050,8567,electricity,72920
2050,8568,electricity,76140
2050,8569,electricity,74392
2050,8570,electricity,69462
2050,8571,electricity,67872
2050,8572,electricity,64354
2050,8573,electricity,62129
2050,8574,electricity,62773
2050,8575,electricity,66198
2050,8576,electricity,70481
2050,8577,electricity,74659
2050,8578,electricity,76837
2050,8579,electricity,78533
2050,8580,electricity,79144
2050,8581,electricity,80808
2050,8582,electricity,81389
2050,8583,electricity,78820
2050,8584,electricity,76572
2050,8585,electricity,75374
2050,8586,electricity,77963
2050,8587,electricity,81409
2050,8588,electricity,80376
2050,8589,electricity,76741
2050,8590,electricity,73821
2050,8591,electricity,73540
2050,8592,electricity,78746
2050,8593,electricity,79107
2050,8594,electricity,75797
2050,8595,electricity,74573
2050,8596,electricity,70570
2050,8597,electricity,67380
2050,8598,electricity,66612
2050,8599,electricity,67706
2050,8600,electricity,69143
2050,8601,electricity,70797
2050,8602,electricity,72726
2050,8603,electricity,75554
2050,8604,electricity,76971
2050,8605,electricity,76971
2050,8606,electricity,75860
2050,8607,electricity,71349
2050,8608,electricity,68589
2050,8609,electricity,68414
2050,8610,electricity,72374
2050,8611,electricity,78768
2050,8612,electricity,81920
2050,8613,electricity,82311
2050,8614,electricity,81252
2050,8615,electricity,80804
2050,8616,electricity,85150
2050,8617,electricity,83619
2050,8618,electricity,79496
2050,8619,electricity,78645
2050,8620,electricity,75745
2050,8621,electricity,74404
2050,8622,electricity,76226
2050,8623,electricity,80896
2050,8624,electricity,86260
2050,8625,electricity,91277
2050,8626,electricity,93954
2050,8627,electricity,96214
2050,8628,electricity,96356
2050,8629,electricity,96743
2050,8630,electricity,95685
2050,8631,electricity,91880
2050,8632,electricity,88793
2050,8633,electricity,88173
2050,8634,electricity,92100
2050,8635,electricity,97891
2050,8636,electricity,100143
2050,8637,electricity,96959
2050,8638,electricity,92806
2050,8639,electricity,90585
2050,8640,electricity,93862
2050,8641,electricity,92047
2050,8642,electricity,87212
2050,8643,electricity,86136
2050,8644,electricity,83040
2050,8645,electricity,81256
2050,8646,electricity,82655
2050,8647,electricity,86648
2050,8648,electricity,91841
2050,8649,electricity,96373
2050,8650,electricity,98876
2050,8651,electricity,100520
2050,8652,electricity,100869
2050,8653,electricity,101867
2050,8654,electricity,101020
2050,8655,electricity,97373
2050,8656,electricity,94076
2050,8657,electricity,92815
2050,8658,electricity,95879
2050,8659,electricity,101499
2050,8660,electricity,103112
2050,8661,electricity,99233
2050,8662,electricity,94726
2050,8663,electricity,92221
2050,8664,electricity,95240
2050,8665,electricity,93064
2050,8666,electricity,87821
2050,8667,electricity,86212
2050,8668,electricity,82758
2050,8669,electricity,80531
2050,8670,electricity,81615
2050,8671,electricity,85647
2050,8672,electricity,90860
2050,8673,electricity,95197
2050,8674,electricity,97560
2050,8675,electricity,99514
2050,8676,electricity,100167
2050,8677,electricity,101303
2050,8678,electricity,100872
2050,8679,electricity,97641
2050,8680,electricity,94508
2050,8681,electricity,93109
2050,8682,electricity,95324
2050,8683,electricity,100439
2050,8684,electricity,101776
2050,8685,electricity,97877
2050,8686,electricity,93702
2050,8687,electricity,91400
2050,8688,electricity,94661
2050,8689,electricity,92752
2050,8690,electricity,87486
2050,8691,electricity,85793
2050,8692,electricity,81867
2050,8693,electricity,79320
2050,8694,electricity,79380
2050,8695,electricity,81393
2050,8696,electricity,84085
2050,8697,electricity,87322
2050,8698,electricity,90288
2050,8699,electricity,93077
2050,8700,electricity,94139
2050,8701,electricity,95593
2050,8702,electricity,95839
2050,8703,electricity,92016
2050,8704,electricity,88730
2050,8705,electricity,87148
2050,8706,electricity,89417
2050,8707,electricity,94589
2050,8708,electricity,96562
2050,8709,electricity,93824
2050,8710,electricity,90190
2050,8711,electricity,88444
2050,8712,electricity,91975
2050,8713,electricity,90099
2050,8714,electricity,84874
2050,8715,electricity,83002
2050,8716,electricity,78823
2050,8717,electricity,75926
2050,8718,electricity,75403
2050,8719,electricity,76561
2050,8720,electricity,78346
2050,8721,electricity,80487
2050,8722,electricity,82853
2050,8723,electricity,85688
2050,8724,electricity,87279
2050,8725,electricity,89136
2050,8726,electricity,89586
2050,8727,electricity,85126
2050,8728,electricity,81920
2050,8729,electricity,80786
2050,8730,electricity,82898
2050,8731,electricity,88652
2050,8732,electricity,91561
2050,8733,electricity,90000
2050,8734,electricity,86813
2050,8735,electricity,85093
2050,8736,electricity,88603
2050,8737,electricity,87004
2050,8738,electricity,82004
2050,8739,electricity,80374
2050,8740,electricity,76593
2050,8741,electricity,74356
2050,8742,electricity,75002
2050,8743,electricity,78142
2050,8744,electricity,82009
2050,8745,electricity,85335
2050,8746,electricity,87503
2050,8747,electricity,89714
2050,8748,electricity,90613
2050,8749,electricity,92126
2050,8750,electricity,92955
2050,8751,electricity,89968
2050,8752,electricity,86964
2050,8753,electricity,85574
2050,8754,electricity,87463
2050,8755,electricity,91688
2050,8756,electricity,91323
2050,8757,electricity,87239
2050,8758,electricity,83434
2050,8759,electricity,82589
2050,8760,electricity,87333
